Difficulty = 0 numTrials = 50 method = 0
4 6 1 8 9 7 3 5 2 
8 5 9 3 2 4 7 6 1 
7 3 2 5 1 6 4 8 9 
9 1 3 6 5 2 8 4 7 
2 4 6 7 8 1 5 9 3 
5 7 8 9 4 3 2 1 6 
3 8 4 2 6 9 1 7 5 
1 9 7 4 3 5 6 2 8 
6 2 5 1 7 8 9 3 4 
Finished Trial #0
Time: 10.32 s
Nodes expanded: 3842577
4 6 1 8 9 7 3 5 2 
8 5 9 3 2 4 7 6 1 
7 3 2 5 1 6 4 8 9 
9 1 3 6 5 2 8 4 7 
2 4 6 7 8 1 5 9 3 
5 7 8 9 4 3 2 1 6 
3 8 4 2 6 9 1 7 5 
1 9 7 4 3 5 6 2 8 
6 2 5 1 7 8 9 3 4 
Finished Trial #1
Time: 0.008788 s
Nodes expanded: 3321
4 6 1 8 9 7 3 5 2 
8 5 9 3 2 4 7 6 1 
7 3 2 5 1 6 4 8 9 
9 1 3 6 5 2 8 4 7 
2 4 6 7 8 1 5 9 3 
5 7 8 9 4 3 2 1 6 
3 8 4 2 6 9 1 7 5 
1 9 7 4 3 5 6 2 8 
6 2 5 1 7 8 9 3 4 
Finished Trial #2
Time: 1.0939 s
Nodes expanded: 413790
4 6 1 8 9 7 3 5 2 
8 5 9 3 2 4 7 6 1 
7 3 2 5 1 6 4 8 9 
9 1 3 6 5 2 8 4 7 
2 4 6 7 8 1 5 9 3 
5 7 8 9 4 3 2 1 6 
3 8 4 2 6 9 1 7 5 
1 9 7 4 3 5 6 2 8 
6 2 5 1 7 8 9 3 4 
Finished Trial #3
Time: 0.426601 s
Nodes expanded: 162529
4 6 1 8 9 7 3 5 2 
8 5 9 3 2 4 7 6 1 
7 3 2 5 1 6 4 8 9 
9 1 3 6 5 2 8 4 7 
2 4 6 7 8 1 5 9 3 
5 7 8 9 4 3 2 1 6 
3 8 4 2 6 9 1 7 5 
1 9 7 4 3 5 6 2 8 
6 2 5 1 7 8 9 3 4 
Finished Trial #4
Time: 0.626515 s
Nodes expanded: 231267
4 6 1 8 9 7 3 5 2 
8 5 9 3 2 4 7 6 1 
7 3 2 5 1 6 4 8 9 
9 1 3 6 5 2 8 4 7 
2 4 6 7 8 1 5 9 3 
5 7 8 9 4 3 2 1 6 
3 8 4 2 6 9 1 7 5 
1 9 7 4 3 5 6 2 8 
6 2 5 1 7 8 9 3 4 
Finished Trial #5
Time: 0.091536 s
Nodes expanded: 34888
4 6 1 8 9 7 3 5 2 
8 5 9 3 2 4 7 6 1 
7 3 2 5 1 6 4 8 9 
9 1 3 6 5 2 8 4 7 
2 4 6 7 8 1 5 9 3 
5 7 8 9 4 3 2 1 6 
3 8 4 2 6 9 1 7 5 
1 9 7 4 3 5 6 2 8 
6 2 5 1 7 8 9 3 4 
Finished Trial #6
Time: 0.085454 s
Nodes expanded: 32661
4 6 1 8 9 7 3 5 2 
8 5 9 3 2 4 7 6 1 
7 3 2 5 1 6 4 8 9 
9 1 3 6 5 2 8 4 7 
2 4 6 7 8 1 5 9 3 
5 7 8 9 4 3 2 1 6 
3 8 4 2 6 9 1 7 5 
1 9 7 4 3 5 6 2 8 
6 2 5 1 7 8 9 3 4 
Finished Trial #7
Time: 0.011011 s
Nodes expanded: 4190
4 6 1 8 9 7 3 5 2 
8 5 9 3 2 4 7 6 1 
7 3 2 5 1 6 4 8 9 
9 1 3 6 5 2 8 4 7 
2 4 6 7 8 1 5 9 3 
5 7 8 9 4 3 2 1 6 
3 8 4 2 6 9 1 7 5 
1 9 7 4 3 5 6 2 8 
6 2 5 1 7 8 9 3 4 
Finished Trial #8
Time: 0.301182 s
Nodes expanded: 115705
4 6 1 8 9 7 3 5 2 
8 5 9 3 2 4 7 6 1 
7 3 2 5 1 6 4 8 9 
9 1 3 6 5 2 8 4 7 
2 4 6 7 8 1 5 9 3 
5 7 8 9 4 3 2 1 6 
3 8 4 2 6 9 1 7 5 
1 9 7 4 3 5 6 2 8 
6 2 5 1 7 8 9 3 4 
Finished Trial #9
Time: 0.0844 s
Nodes expanded: 32653
4 6 1 8 9 7 3 5 2 
8 5 9 3 2 4 7 6 1 
7 3 2 5 1 6 4 8 9 
9 1 3 6 5 2 8 4 7 
2 4 6 7 8 1 5 9 3 
5 7 8 9 4 3 2 1 6 
3 8 4 2 6 9 1 7 5 
1 9 7 4 3 5 6 2 8 
6 2 5 1 7 8 9 3 4 
Finished Trial #10
Time: 12.1511 s
Nodes expanded: 4578162
4 6 1 8 9 7 3 5 2 
8 5 9 3 2 4 7 6 1 
7 3 2 5 1 6 4 8 9 
9 1 3 6 5 2 8 4 7 
2 4 6 7 8 1 5 9 3 
5 7 8 9 4 3 2 1 6 
3 8 4 2 6 9 1 7 5 
1 9 7 4 3 5 6 2 8 
6 2 5 1 7 8 9 3 4 
Finished Trial #11
Time: 0.062947 s
Nodes expanded: 24039
4 6 1 8 9 7 3 5 2 
8 5 9 3 2 4 7 6 1 
7 3 2 5 1 6 4 8 9 
9 1 3 6 5 2 8 4 7 
2 4 6 7 8 1 5 9 3 
5 7 8 9 4 3 2 1 6 
3 8 4 2 6 9 1 7 5 
1 9 7 4 3 5 6 2 8 
6 2 5 1 7 8 9 3 4 
Finished Trial #12
Time: 0.023695 s
Nodes expanded: 9008
4 6 1 8 9 7 3 5 2 
8 5 9 3 2 4 7 6 1 
7 3 2 5 1 6 4 8 9 
9 1 3 6 5 2 8 4 7 
2 4 6 7 8 1 5 9 3 
5 7 8 9 4 3 2 1 6 
3 8 4 2 6 9 1 7 5 
1 9 7 4 3 5 6 2 8 
6 2 5 1 7 8 9 3 4 
Finished Trial #13
Time: 0.247016 s
Nodes expanded: 94133
4 6 1 8 9 7 3 5 2 
8 5 9 3 2 4 7 6 1 
7 3 2 5 1 6 4 8 9 
9 1 3 6 5 2 8 4 7 
2 4 6 7 8 1 5 9 3 
5 7 8 9 4 3 2 1 6 
3 8 4 2 6 9 1 7 5 
1 9 7 4 3 5 6 2 8 
6 2 5 1 7 8 9 3 4 
Finished Trial #14
Time: 5.93288 s
Nodes expanded: 2273618
4 6 1 8 9 7 3 5 2 
8 5 9 3 2 4 7 6 1 
7 3 2 5 1 6 4 8 9 
9 1 3 6 5 2 8 4 7 
2 4 6 7 8 1 5 9 3 
5 7 8 9 4 3 2 1 6 
3 8 4 2 6 9 1 7 5 
1 9 7 4 3 5 6 2 8 
6 2 5 1 7 8 9 3 4 
Finished Trial #15
Time: 1.22377 s
Nodes expanded: 473805
4 6 1 8 9 7 3 5 2 
8 5 9 3 2 4 7 6 1 
7 3 2 5 1 6 4 8 9 
9 1 3 6 5 2 8 4 7 
2 4 6 7 8 1 5 9 3 
5 7 8 9 4 3 2 1 6 
3 8 4 2 6 9 1 7 5 
1 9 7 4 3 5 6 2 8 
6 2 5 1 7 8 9 3 4 
Finished Trial #16
Time: 0.881849 s
Nodes expanded: 338774
4 6 1 8 9 7 3 5 2 
8 5 9 3 2 4 7 6 1 
7 3 2 5 1 6 4 8 9 
9 1 3 6 5 2 8 4 7 
2 4 6 7 8 1 5 9 3 
5 7 8 9 4 3 2 1 6 
3 8 4 2 6 9 1 7 5 
1 9 7 4 3 5 6 2 8 
6 2 5 1 7 8 9 3 4 
Finished Trial #17
Time: 6.73807 s
Nodes expanded: 2579194
4 6 1 8 9 7 3 5 2 
8 5 9 3 2 4 7 6 1 
7 3 2 5 1 6 4 8 9 
9 1 3 6 5 2 8 4 7 
2 4 6 7 8 1 5 9 3 
5 7 8 9 4 3 2 1 6 
3 8 4 2 6 9 1 7 5 
1 9 7 4 3 5 6 2 8 
6 2 5 1 7 8 9 3 4 
Finished Trial #18
Time: 0.193313 s
Nodes expanded: 73731
4 6 1 8 9 7 3 5 2 
8 5 9 3 2 4 7 6 1 
7 3 2 5 1 6 4 8 9 
9 1 3 6 5 2 8 4 7 
2 4 6 7 8 1 5 9 3 
5 7 8 9 4 3 2 1 6 
3 8 4 2 6 9 1 7 5 
1 9 7 4 3 5 6 2 8 
6 2 5 1 7 8 9 3 4 
Finished Trial #19
Time: 0.872005 s
Nodes expanded: 333834
4 6 1 8 9 7 3 5 2 
8 5 9 3 2 4 7 6 1 
7 3 2 5 1 6 4 8 9 
9 1 3 6 5 2 8 4 7 
2 4 6 7 8 1 5 9 3 
5 7 8 9 4 3 2 1 6 
3 8 4 2 6 9 1 7 5 
1 9 7 4 3 5 6 2 8 
6 2 5 1 7 8 9 3 4 
Finished Trial #20
Time: 1.27687 s
Nodes expanded: 492806
4 6 1 8 9 7 3 5 2 
8 5 9 3 2 4 7 6 1 
7 3 2 5 1 6 4 8 9 
9 1 3 6 5 2 8 4 7 
2 4 6 7 8 1 5 9 3 
5 7 8 9 4 3 2 1 6 
3 8 4 2 6 9 1 7 5 
1 9 7 4 3 5 6 2 8 
6 2 5 1 7 8 9 3 4 
Finished Trial #21
Time: 0.104397 s
Nodes expanded: 39927
4 6 1 8 9 7 3 5 2 
8 5 9 3 2 4 7 6 1 
7 3 2 5 1 6 4 8 9 
9 1 3 6 5 2 8 4 7 
2 4 6 7 8 1 5 9 3 
5 7 8 9 4 3 2 1 6 
3 8 4 2 6 9 1 7 5 
1 9 7 4 3 5 6 2 8 
6 2 5 1 7 8 9 3 4 
Finished Trial #22
Time: 0.781632 s
Nodes expanded: 300711
4 6 1 8 9 7 3 5 2 
8 5 9 3 2 4 7 6 1 
7 3 2 5 1 6 4 8 9 
9 1 3 6 5 2 8 4 7 
2 4 6 7 8 1 5 9 3 
5 7 8 9 4 3 2 1 6 
3 8 4 2 6 9 1 7 5 
1 9 7 4 3 5 6 2 8 
6 2 5 1 7 8 9 3 4 
Finished Trial #23
Time: 0.916345 s
Nodes expanded: 353722
4 6 1 8 9 7 3 5 2 
8 5 9 3 2 4 7 6 1 
7 3 2 5 1 6 4 8 9 
9 1 3 6 5 2 8 4 7 
2 4 6 7 8 1 5 9 3 
5 7 8 9 4 3 2 1 6 
3 8 4 2 6 9 1 7 5 
1 9 7 4 3 5 6 2 8 
6 2 5 1 7 8 9 3 4 
Finished Trial #24
Time: 0.062507 s
Nodes expanded: 23687
4 6 1 8 9 7 3 5 2 
8 5 9 3 2 4 7 6 1 
7 3 2 5 1 6 4 8 9 
9 1 3 6 5 2 8 4 7 
2 4 6 7 8 1 5 9 3 
5 7 8 9 4 3 2 1 6 
3 8 4 2 6 9 1 7 5 
1 9 7 4 3 5 6 2 8 
6 2 5 1 7 8 9 3 4 
Finished Trial #25
Time: 0.318406 s
Nodes expanded: 121658
4 6 1 8 9 7 3 5 2 
8 5 9 3 2 4 7 6 1 
7 3 2 5 1 6 4 8 9 
9 1 3 6 5 2 8 4 7 
2 4 6 7 8 1 5 9 3 
5 7 8 9 4 3 2 1 6 
3 8 4 2 6 9 1 7 5 
1 9 7 4 3 5 6 2 8 
6 2 5 1 7 8 9 3 4 
Finished Trial #26
Time: 0.296842 s
Nodes expanded: 113410
4 6 1 8 9 7 3 5 2 
8 5 9 3 2 4 7 6 1 
7 3 2 5 1 6 4 8 9 
9 1 3 6 5 2 8 4 7 
2 4 6 7 8 1 5 9 3 
5 7 8 9 4 3 2 1 6 
3 8 4 2 6 9 1 7 5 
1 9 7 4 3 5 6 2 8 
6 2 5 1 7 8 9 3 4 
Finished Trial #27
Time: 2.2418 s
Nodes expanded: 855854
4 6 1 8 9 7 3 5 2 
8 5 9 3 2 4 7 6 1 
7 3 2 5 1 6 4 8 9 
9 1 3 6 5 2 8 4 7 
2 4 6 7 8 1 5 9 3 
5 7 8 9 4 3 2 1 6 
3 8 4 2 6 9 1 7 5 
1 9 7 4 3 5 6 2 8 
6 2 5 1 7 8 9 3 4 
Finished Trial #28
Time: 6.94216 s
Nodes expanded: 2652819
4 6 1 8 9 7 3 5 2 
8 5 9 3 2 4 7 6 1 
7 3 2 5 1 6 4 8 9 
9 1 3 6 5 2 8 4 7 
2 4 6 7 8 1 5 9 3 
5 7 8 9 4 3 2 1 6 
3 8 4 2 6 9 1 7 5 
1 9 7 4 3 5 6 2 8 
6 2 5 1 7 8 9 3 4 
Finished Trial #29
Time: 9.42304 s
Nodes expanded: 3571337
4 6 1 8 9 7 3 5 2 
8 5 9 3 2 4 7 6 1 
7 3 2 5 1 6 4 8 9 
9 1 3 6 5 2 8 4 7 
2 4 6 7 8 1 5 9 3 
5 7 8 9 4 3 2 1 6 
3 8 4 2 6 9 1 7 5 
1 9 7 4 3 5 6 2 8 
6 2 5 1 7 8 9 3 4 
Finished Trial #30
Time: 2.95958 s
Nodes expanded: 1125466
4 6 1 8 9 7 3 5 2 
8 5 9 3 2 4 7 6 1 
7 3 2 5 1 6 4 8 9 
9 1 3 6 5 2 8 4 7 
2 4 6 7 8 1 5 9 3 
5 7 8 9 4 3 2 1 6 
3 8 4 2 6 9 1 7 5 
1 9 7 4 3 5 6 2 8 
6 2 5 1 7 8 9 3 4 
Finished Trial #31
Time: 0.73931 s
Nodes expanded: 281360
4 6 1 8 9 7 3 5 2 
8 5 9 3 2 4 7 6 1 
7 3 2 5 1 6 4 8 9 
9 1 3 6 5 2 8 4 7 
2 4 6 7 8 1 5 9 3 
5 7 8 9 4 3 2 1 6 
3 8 4 2 6 9 1 7 5 
1 9 7 4 3 5 6 2 8 
6 2 5 1 7 8 9 3 4 
Finished Trial #32
Time: 3.49029 s
Nodes expanded: 1333507
4 6 1 8 9 7 3 5 2 
8 5 9 3 2 4 7 6 1 
7 3 2 5 1 6 4 8 9 
9 1 3 6 5 2 8 4 7 
2 4 6 7 8 1 5 9 3 
5 7 8 9 4 3 2 1 6 
3 8 4 2 6 9 1 7 5 
1 9 7 4 3 5 6 2 8 
6 2 5 1 7 8 9 3 4 
Finished Trial #33
Time: 9.02843 s
Nodes expanded: 3450687
4 6 1 8 9 7 3 5 2 
8 5 9 3 2 4 7 6 1 
7 3 2 5 1 6 4 8 9 
9 1 3 6 5 2 8 4 7 
2 4 6 7 8 1 5 9 3 
5 7 8 9 4 3 2 1 6 
3 8 4 2 6 9 1 7 5 
1 9 7 4 3 5 6 2 8 
6 2 5 1 7 8 9 3 4 
Finished Trial #34
Time: 0.065984 s
Nodes expanded: 25479
4 6 1 8 9 7 3 5 2 
8 5 9 3 2 4 7 6 1 
7 3 2 5 1 6 4 8 9 
9 1 3 6 5 2 8 4 7 
2 4 6 7 8 1 5 9 3 
5 7 8 9 4 3 2 1 6 
3 8 4 2 6 9 1 7 5 
1 9 7 4 3 5 6 2 8 
6 2 5 1 7 8 9 3 4 
Finished Trial #35
Time: 2.18216 s
Nodes expanded: 830072
4 6 1 8 9 7 3 5 2 
8 5 9 3 2 4 7 6 1 
7 3 2 5 1 6 4 8 9 
9 1 3 6 5 2 8 4 7 
2 4 6 7 8 1 5 9 3 
5 7 8 9 4 3 2 1 6 
3 8 4 2 6 9 1 7 5 
1 9 7 4 3 5 6 2 8 
6 2 5 1 7 8 9 3 4 
Finished Trial #36
Time: 1.78997 s
Nodes expanded: 674156
4 6 1 8 9 7 3 5 2 
8 5 9 3 2 4 7 6 1 
7 3 2 5 1 6 4 8 9 
9 1 3 6 5 2 8 4 7 
2 4 6 7 8 1 5 9 3 
5 7 8 9 4 3 2 1 6 
3 8 4 2 6 9 1 7 5 
1 9 7 4 3 5 6 2 8 
6 2 5 1 7 8 9 3 4 
Finished Trial #37
Time: 0.541616 s
Nodes expanded: 203464
4 6 1 8 9 7 3 5 2 
8 5 9 3 2 4 7 6 1 
7 3 2 5 1 6 4 8 9 
9 1 3 6 5 2 8 4 7 
2 4 6 7 8 1 5 9 3 
5 7 8 9 4 3 2 1 6 
3 8 4 2 6 9 1 7 5 
1 9 7 4 3 5 6 2 8 
6 2 5 1 7 8 9 3 4 
Finished Trial #38
Time: 1.67445 s
Nodes expanded: 645519
4 6 1 8 9 7 3 5 2 
8 5 9 3 2 4 7 6 1 
7 3 2 5 1 6 4 8 9 
9 1 3 6 5 2 8 4 7 
2 4 6 7 8 1 5 9 3 
5 7 8 9 4 3 2 1 6 
3 8 4 2 6 9 1 7 5 
1 9 7 4 3 5 6 2 8 
6 2 5 1 7 8 9 3 4 
Finished Trial #39
Time: 0.244331 s
Nodes expanded: 92781
4 6 1 8 9 7 3 5 2 
8 5 9 3 2 4 7 6 1 
7 3 2 5 1 6 4 8 9 
9 1 3 6 5 2 8 4 7 
2 4 6 7 8 1 5 9 3 
5 7 8 9 4 3 2 1 6 
3 8 4 2 6 9 1 7 5 
1 9 7 4 3 5 6 2 8 
6 2 5 1 7 8 9 3 4 
Finished Trial #40
Time: 0.816318 s
Nodes expanded: 313710
4 6 1 8 9 7 3 5 2 
8 5 9 3 2 4 7 6 1 
7 3 2 5 1 6 4 8 9 
9 1 3 6 5 2 8 4 7 
2 4 6 7 8 1 5 9 3 
5 7 8 9 4 3 2 1 6 
3 8 4 2 6 9 1 7 5 
1 9 7 4 3 5 6 2 8 
6 2 5 1 7 8 9 3 4 
Finished Trial #41
Time: 0.306952 s
Nodes expanded: 117620
4 6 1 8 9 7 3 5 2 
8 5 9 3 2 4 7 6 1 
7 3 2 5 1 6 4 8 9 
9 1 3 6 5 2 8 4 7 
2 4 6 7 8 1 5 9 3 
5 7 8 9 4 3 2 1 6 
3 8 4 2 6 9 1 7 5 
1 9 7 4 3 5 6 2 8 
6 2 5 1 7 8 9 3 4 
Finished Trial #42
Time: 2.06234 s
Nodes expanded: 788366
4 6 1 8 9 7 3 5 2 
8 5 9 3 2 4 7 6 1 
7 3 2 5 1 6 4 8 9 
9 1 3 6 5 2 8 4 7 
2 4 6 7 8 1 5 9 3 
5 7 8 9 4 3 2 1 6 
3 8 4 2 6 9 1 7 5 
1 9 7 4 3 5 6 2 8 
6 2 5 1 7 8 9 3 4 
Finished Trial #43
Time: 1.0837 s
Nodes expanded: 412021
4 6 1 8 9 7 3 5 2 
8 5 9 3 2 4 7 6 1 
7 3 2 5 1 6 4 8 9 
9 1 3 6 5 2 8 4 7 
2 4 6 7 8 1 5 9 3 
5 7 8 9 4 3 2 1 6 
3 8 4 2 6 9 1 7 5 
1 9 7 4 3 5 6 2 8 
6 2 5 1 7 8 9 3 4 
Finished Trial #44
Time: 1.08647 s
Nodes expanded: 408113
4 6 1 8 9 7 3 5 2 
8 5 9 3 2 4 7 6 1 
7 3 2 5 1 6 4 8 9 
9 1 3 6 5 2 8 4 7 
2 4 6 7 8 1 5 9 3 
5 7 8 9 4 3 2 1 6 
3 8 4 2 6 9 1 7 5 
1 9 7 4 3 5 6 2 8 
6 2 5 1 7 8 9 3 4 
Finished Trial #45
Time: 1.14147 s
Nodes expanded: 435609
4 6 1 8 9 7 3 5 2 
8 5 9 3 2 4 7 6 1 
7 3 2 5 1 6 4 8 9 
9 1 3 6 5 2 8 4 7 
2 4 6 7 8 1 5 9 3 
5 7 8 9 4 3 2 1 6 
3 8 4 2 6 9 1 7 5 
1 9 7 4 3 5 6 2 8 
6 2 5 1 7 8 9 3 4 
Finished Trial #46
Time: 0.287447 s
Nodes expanded: 110279
4 6 1 8 9 7 3 5 2 
8 5 9 3 2 4 7 6 1 
7 3 2 5 1 6 4 8 9 
9 1 3 6 5 2 8 4 7 
2 4 6 7 8 1 5 9 3 
5 7 8 9 4 3 2 1 6 
3 8 4 2 6 9 1 7 5 
1 9 7 4 3 5 6 2 8 
6 2 5 1 7 8 9 3 4 
Finished Trial #47
Time: 0.67364 s
Nodes expanded: 255271
4 6 1 8 9 7 3 5 2 
8 5 9 3 2 4 7 6 1 
7 3 2 5 1 6 4 8 9 
9 1 3 6 5 2 8 4 7 
2 4 6 7 8 1 5 9 3 
5 7 8 9 4 3 2 1 6 
3 8 4 2 6 9 1 7 5 
1 9 7 4 3 5 6 2 8 
6 2 5 1 7 8 9 3 4 
Finished Trial #48
Time: 0.548274 s
Nodes expanded: 209375
4 6 1 8 9 7 3 5 2 
8 5 9 3 2 4 7 6 1 
7 3 2 5 1 6 4 8 9 
9 1 3 6 5 2 8 4 7 
2 4 6 7 8 1 5 9 3 
5 7 8 9 4 3 2 1 6 
3 8 4 2 6 9 1 7 5 
1 9 7 4 3 5 6 2 8 
6 2 5 1 7 8 9 3 4 
Finished Trial #49
Time: 3.02006 s
Nodes expanded: 1152499
********************************************
Finished! Average runtime 1.94966 s Std Dev: 2.92497
Average Nodes Expanded 740863 Std Dev: 1.10635e+06
