Difficulty = 0 numTrials = 50 method = 2
4 6 1 8 9 7 3 5 2 
8 5 9 3 2 4 7 6 1 
7 3 2 5 1 6 4 8 9 
9 1 3 6 5 2 8 4 7 
2 4 6 7 8 1 5 9 3 
5 7 8 9 4 3 2 1 6 
3 8 4 2 6 9 1 7 5 
1 9 7 4 3 5 6 2 8 
6 2 5 1 7 8 9 3 4 
Finished Trial #0
Time: 0.000759 s
Nodes expanded: 57
4 6 1 8 9 7 3 5 2 
8 5 9 3 2 4 7 6 1 
7 3 2 5 1 6 4 8 9 
9 1 3 6 5 2 8 4 7 
2 4 6 7 8 1 5 9 3 
5 7 8 9 4 3 2 1 6 
3 8 4 2 6 9 1 7 5 
1 9 7 4 3 5 6 2 8 
6 2 5 1 7 8 9 3 4 
Finished Trial #1
Time: 0.000591 s
Nodes expanded: 47
4 6 1 8 9 7 3 5 2 
8 5 9 3 2 4 7 6 1 
7 3 2 5 1 6 4 8 9 
9 1 3 6 5 2 8 4 7 
2 4 6 7 8 1 5 9 3 
5 7 8 9 4 3 2 1 6 
3 8 4 2 6 9 1 7 5 
1 9 7 4 3 5 6 2 8 
6 2 5 1 7 8 9 3 4 
Finished Trial #2
Time: 0.000628 s
Nodes expanded: 47
4 6 1 8 9 7 3 5 2 
8 5 9 3 2 4 7 6 1 
7 3 2 5 1 6 4 8 9 
9 1 3 6 5 2 8 4 7 
2 4 6 7 8 1 5 9 3 
5 7 8 9 4 3 2 1 6 
3 8 4 2 6 9 1 7 5 
1 9 7 4 3 5 6 2 8 
6 2 5 1 7 8 9 3 4 
Finished Trial #3
Time: 0.000773 s
Nodes expanded: 62
4 6 1 8 9 7 3 5 2 
8 5 9 3 2 4 7 6 1 
7 3 2 5 1 6 4 8 9 
9 1 3 6 5 2 8 4 7 
2 4 6 7 8 1 5 9 3 
5 7 8 9 4 3 2 1 6 
3 8 4 2 6 9 1 7 5 
1 9 7 4 3 5 6 2 8 
6 2 5 1 7 8 9 3 4 
Finished Trial #4
Time: 0.00076 s
Nodes expanded: 61
4 6 1 8 9 7 3 5 2 
8 5 9 3 2 4 7 6 1 
7 3 2 5 1 6 4 8 9 
9 1 3 6 5 2 8 4 7 
2 4 6 7 8 1 5 9 3 
5 7 8 9 4 3 2 1 6 
3 8 4 2 6 9 1 7 5 
1 9 7 4 3 5 6 2 8 
6 2 5 1 7 8 9 3 4 
Finished Trial #5
Time: 0.000584 s
Nodes expanded: 47
4 6 1 8 9 7 3 5 2 
8 5 9 3 2 4 7 6 1 
7 3 2 5 1 6 4 8 9 
9 1 3 6 5 2 8 4 7 
2 4 6 7 8 1 5 9 3 
5 7 8 9 4 3 2 1 6 
3 8 4 2 6 9 1 7 5 
1 9 7 4 3 5 6 2 8 
6 2 5 1 7 8 9 3 4 
Finished Trial #6
Time: 0.000587 s
Nodes expanded: 47
4 6 1 8 9 7 3 5 2 
8 5 9 3 2 4 7 6 1 
7 3 2 5 1 6 4 8 9 
9 1 3 6 5 2 8 4 7 
2 4 6 7 8 1 5 9 3 
5 7 8 9 4 3 2 1 6 
3 8 4 2 6 9 1 7 5 
1 9 7 4 3 5 6 2 8 
6 2 5 1 7 8 9 3 4 
Finished Trial #7
Time: 0.000715 s
Nodes expanded: 57
4 6 1 8 9 7 3 5 2 
8 5 9 3 2 4 7 6 1 
7 3 2 5 1 6 4 8 9 
9 1 3 6 5 2 8 4 7 
2 4 6 7 8 1 5 9 3 
5 7 8 9 4 3 2 1 6 
3 8 4 2 6 9 1 7 5 
1 9 7 4 3 5 6 2 8 
6 2 5 1 7 8 9 3 4 
Finished Trial #8
Time: 0.000586 s
Nodes expanded: 47
4 6 1 8 9 7 3 5 2 
8 5 9 3 2 4 7 6 1 
7 3 2 5 1 6 4 8 9 
9 1 3 6 5 2 8 4 7 
2 4 6 7 8 1 5 9 3 
5 7 8 9 4 3 2 1 6 
3 8 4 2 6 9 1 7 5 
1 9 7 4 3 5 6 2 8 
6 2 5 1 7 8 9 3 4 
Finished Trial #9
Time: 0.000611 s
Nodes expanded: 57
4 6 1 8 9 7 3 5 2 
8 5 9 3 2 4 7 6 1 
7 3 2 5 1 6 4 8 9 
9 1 3 6 5 2 8 4 7 
2 4 6 7 8 1 5 9 3 
5 7 8 9 4 3 2 1 6 
3 8 4 2 6 9 1 7 5 
1 9 7 4 3 5 6 2 8 
6 2 5 1 7 8 9 3 4 
Finished Trial #10
Time: 0.000645 s
Nodes expanded: 59
4 6 1 8 9 7 3 5 2 
8 5 9 3 2 4 7 6 1 
7 3 2 5 1 6 4 8 9 
9 1 3 6 5 2 8 4 7 
2 4 6 7 8 1 5 9 3 
5 7 8 9 4 3 2 1 6 
3 8 4 2 6 9 1 7 5 
1 9 7 4 3 5 6 2 8 
6 2 5 1 7 8 9 3 4 
Finished Trial #11
Time: 0.000462 s
Nodes expanded: 47
4 6 1 8 9 7 3 5 2 
8 5 9 3 2 4 7 6 1 
7 3 2 5 1 6 4 8 9 
9 1 3 6 5 2 8 4 7 
2 4 6 7 8 1 5 9 3 
5 7 8 9 4 3 2 1 6 
3 8 4 2 6 9 1 7 5 
1 9 7 4 3 5 6 2 8 
6 2 5 1 7 8 9 3 4 
Finished Trial #12
Time: 0.000716 s
Nodes expanded: 76
4 6 1 8 9 7 3 5 2 
8 5 9 3 2 4 7 6 1 
7 3 2 5 1 6 4 8 9 
9 1 3 6 5 2 8 4 7 
2 4 6 7 8 1 5 9 3 
5 7 8 9 4 3 2 1 6 
3 8 4 2 6 9 1 7 5 
1 9 7 4 3 5 6 2 8 
6 2 5 1 7 8 9 3 4 
Finished Trial #13
Time: 0.000618 s
Nodes expanded: 57
4 6 1 8 9 7 3 5 2 
8 5 9 3 2 4 7 6 1 
7 3 2 5 1 6 4 8 9 
9 1 3 6 5 2 8 4 7 
2 4 6 7 8 1 5 9 3 
5 7 8 9 4 3 2 1 6 
3 8 4 2 6 9 1 7 5 
1 9 7 4 3 5 6 2 8 
6 2 5 1 7 8 9 3 4 
Finished Trial #14
Time: 0.000417 s
Nodes expanded: 47
4 6 1 8 9 7 3 5 2 
8 5 9 3 2 4 7 6 1 
7 3 2 5 1 6 4 8 9 
9 1 3 6 5 2 8 4 7 
2 4 6 7 8 1 5 9 3 
5 7 8 9 4 3 2 1 6 
3 8 4 2 6 9 1 7 5 
1 9 7 4 3 5 6 2 8 
6 2 5 1 7 8 9 3 4 
Finished Trial #15
Time: 0.000276 s
Nodes expanded: 51
4 6 1 8 9 7 3 5 2 
8 5 9 3 2 4 7 6 1 
7 3 2 5 1 6 4 8 9 
9 1 3 6 5 2 8 4 7 
2 4 6 7 8 1 5 9 3 
5 7 8 9 4 3 2 1 6 
3 8 4 2 6 9 1 7 5 
1 9 7 4 3 5 6 2 8 
6 2 5 1 7 8 9 3 4 
Finished Trial #16
Time: 0.000273 s
Nodes expanded: 52
4 6 1 8 9 7 3 5 2 
8 5 9 3 2 4 7 6 1 
7 3 2 5 1 6 4 8 9 
9 1 3 6 5 2 8 4 7 
2 4 6 7 8 1 5 9 3 
5 7 8 9 4 3 2 1 6 
3 8 4 2 6 9 1 7 5 
1 9 7 4 3 5 6 2 8 
6 2 5 1 7 8 9 3 4 
Finished Trial #17
Time: 0.000277 s
Nodes expanded: 51
4 6 1 8 9 7 3 5 2 
8 5 9 3 2 4 7 6 1 
7 3 2 5 1 6 4 8 9 
9 1 3 6 5 2 8 4 7 
2 4 6 7 8 1 5 9 3 
5 7 8 9 4 3 2 1 6 
3 8 4 2 6 9 1 7 5 
1 9 7 4 3 5 6 2 8 
6 2 5 1 7 8 9 3 4 
Finished Trial #18
Time: 0.000249 s
Nodes expanded: 47
4 6 1 8 9 7 3 5 2 
8 5 9 3 2 4 7 6 1 
7 3 2 5 1 6 4 8 9 
9 1 3 6 5 2 8 4 7 
2 4 6 7 8 1 5 9 3 
5 7 8 9 4 3 2 1 6 
3 8 4 2 6 9 1 7 5 
1 9 7 4 3 5 6 2 8 
6 2 5 1 7 8 9 3 4 
Finished Trial #19
Time: 0.000279 s
Nodes expanded: 53
4 6 1 8 9 7 3 5 2 
8 5 9 3 2 4 7 6 1 
7 3 2 5 1 6 4 8 9 
9 1 3 6 5 2 8 4 7 
2 4 6 7 8 1 5 9 3 
5 7 8 9 4 3 2 1 6 
3 8 4 2 6 9 1 7 5 
1 9 7 4 3 5 6 2 8 
6 2 5 1 7 8 9 3 4 
Finished Trial #20
Time: 0.000275 s
Nodes expanded: 52
4 6 1 8 9 7 3 5 2 
8 5 9 3 2 4 7 6 1 
7 3 2 5 1 6 4 8 9 
9 1 3 6 5 2 8 4 7 
2 4 6 7 8 1 5 9 3 
5 7 8 9 4 3 2 1 6 
3 8 4 2 6 9 1 7 5 
1 9 7 4 3 5 6 2 8 
6 2 5 1 7 8 9 3 4 
Finished Trial #21
Time: 0.000265 s
Nodes expanded: 50
4 6 1 8 9 7 3 5 2 
8 5 9 3 2 4 7 6 1 
7 3 2 5 1 6 4 8 9 
9 1 3 6 5 2 8 4 7 
2 4 6 7 8 1 5 9 3 
5 7 8 9 4 3 2 1 6 
3 8 4 2 6 9 1 7 5 
1 9 7 4 3 5 6 2 8 
6 2 5 1 7 8 9 3 4 
Finished Trial #22
Time: 0.000301 s
Nodes expanded: 57
4 6 1 8 9 7 3 5 2 
8 5 9 3 2 4 7 6 1 
7 3 2 5 1 6 4 8 9 
9 1 3 6 5 2 8 4 7 
2 4 6 7 8 1 5 9 3 
5 7 8 9 4 3 2 1 6 
3 8 4 2 6 9 1 7 5 
1 9 7 4 3 5 6 2 8 
6 2 5 1 7 8 9 3 4 
Finished Trial #23
Time: 0.000246 s
Nodes expanded: 47
4 6 1 8 9 7 3 5 2 
8 5 9 3 2 4 7 6 1 
7 3 2 5 1 6 4 8 9 
9 1 3 6 5 2 8 4 7 
2 4 6 7 8 1 5 9 3 
5 7 8 9 4 3 2 1 6 
3 8 4 2 6 9 1 7 5 
1 9 7 4 3 5 6 2 8 
6 2 5 1 7 8 9 3 4 
Finished Trial #24
Time: 0.000264 s
Nodes expanded: 55
4 6 1 8 9 7 3 5 2 
8 5 9 3 2 4 7 6 1 
7 3 2 5 1 6 4 8 9 
9 1 3 6 5 2 8 4 7 
2 4 6 7 8 1 5 9 3 
5 7 8 9 4 3 2 1 6 
3 8 4 2 6 9 1 7 5 
1 9 7 4 3 5 6 2 8 
6 2 5 1 7 8 9 3 4 
Finished Trial #25
Time: 0.000226 s
Nodes expanded: 47
4 6 1 8 9 7 3 5 2 
8 5 9 3 2 4 7 6 1 
7 3 2 5 1 6 4 8 9 
9 1 3 6 5 2 8 4 7 
2 4 6 7 8 1 5 9 3 
5 7 8 9 4 3 2 1 6 
3 8 4 2 6 9 1 7 5 
1 9 7 4 3 5 6 2 8 
6 2 5 1 7 8 9 3 4 
Finished Trial #26
Time: 0.000283 s
Nodes expanded: 59
4 6 1 8 9 7 3 5 2 
8 5 9 3 2 4 7 6 1 
7 3 2 5 1 6 4 8 9 
9 1 3 6 5 2 8 4 7 
2 4 6 7 8 1 5 9 3 
5 7 8 9 4 3 2 1 6 
3 8 4 2 6 9 1 7 5 
1 9 7 4 3 5 6 2 8 
6 2 5 1 7 8 9 3 4 
Finished Trial #27
Time: 0.000261 s
Nodes expanded: 54
4 6 1 8 9 7 3 5 2 
8 5 9 3 2 4 7 6 1 
7 3 2 5 1 6 4 8 9 
9 1 3 6 5 2 8 4 7 
2 4 6 7 8 1 5 9 3 
5 7 8 9 4 3 2 1 6 
3 8 4 2 6 9 1 7 5 
1 9 7 4 3 5 6 2 8 
6 2 5 1 7 8 9 3 4 
Finished Trial #28
Time: 0.000299 s
Nodes expanded: 60
4 6 1 8 9 7 3 5 2 
8 5 9 3 2 4 7 6 1 
7 3 2 5 1 6 4 8 9 
9 1 3 6 5 2 8 4 7 
2 4 6 7 8 1 5 9 3 
5 7 8 9 4 3 2 1 6 
3 8 4 2 6 9 1 7 5 
1 9 7 4 3 5 6 2 8 
6 2 5 1 7 8 9 3 4 
Finished Trial #29
Time: 0.00036 s
Nodes expanded: 76
4 6 1 8 9 7 3 5 2 
8 5 9 3 2 4 7 6 1 
7 3 2 5 1 6 4 8 9 
9 1 3 6 5 2 8 4 7 
2 4 6 7 8 1 5 9 3 
5 7 8 9 4 3 2 1 6 
3 8 4 2 6 9 1 7 5 
1 9 7 4 3 5 6 2 8 
6 2 5 1 7 8 9 3 4 
Finished Trial #30
Time: 0.000228 s
Nodes expanded: 47
4 6 1 8 9 7 3 5 2 
8 5 9 3 2 4 7 6 1 
7 3 2 5 1 6 4 8 9 
9 1 3 6 5 2 8 4 7 
2 4 6 7 8 1 5 9 3 
5 7 8 9 4 3 2 1 6 
3 8 4 2 6 9 1 7 5 
1 9 7 4 3 5 6 2 8 
6 2 5 1 7 8 9 3 4 
Finished Trial #31
Time: 0.000231 s
Nodes expanded: 47
4 6 1 8 9 7 3 5 2 
8 5 9 3 2 4 7 6 1 
7 3 2 5 1 6 4 8 9 
9 1 3 6 5 2 8 4 7 
2 4 6 7 8 1 5 9 3 
5 7 8 9 4 3 2 1 6 
3 8 4 2 6 9 1 7 5 
1 9 7 4 3 5 6 2 8 
6 2 5 1 7 8 9 3 4 
Finished Trial #32
Time: 0.000226 s
Nodes expanded: 47
4 6 1 8 9 7 3 5 2 
8 5 9 3 2 4 7 6 1 
7 3 2 5 1 6 4 8 9 
9 1 3 6 5 2 8 4 7 
2 4 6 7 8 1 5 9 3 
5 7 8 9 4 3 2 1 6 
3 8 4 2 6 9 1 7 5 
1 9 7 4 3 5 6 2 8 
6 2 5 1 7 8 9 3 4 
Finished Trial #33
Time: 0.000292 s
Nodes expanded: 53
4 6 1 8 9 7 3 5 2 
8 5 9 3 2 4 7 6 1 
7 3 2 5 1 6 4 8 9 
9 1 3 6 5 2 8 4 7 
2 4 6 7 8 1 5 9 3 
5 7 8 9 4 3 2 1 6 
3 8 4 2 6 9 1 7 5 
1 9 7 4 3 5 6 2 8 
6 2 5 1 7 8 9 3 4 
Finished Trial #34
Time: 0.000269 s
Nodes expanded: 51
4 6 1 8 9 7 3 5 2 
8 5 9 3 2 4 7 6 1 
7 3 2 5 1 6 4 8 9 
9 1 3 6 5 2 8 4 7 
2 4 6 7 8 1 5 9 3 
5 7 8 9 4 3 2 1 6 
3 8 4 2 6 9 1 7 5 
1 9 7 4 3 5 6 2 8 
6 2 5 1 7 8 9 3 4 
Finished Trial #35
Time: 0.000248 s
Nodes expanded: 47
4 6 1 8 9 7 3 5 2 
8 5 9 3 2 4 7 6 1 
7 3 2 5 1 6 4 8 9 
9 1 3 6 5 2 8 4 7 
2 4 6 7 8 1 5 9 3 
5 7 8 9 4 3 2 1 6 
3 8 4 2 6 9 1 7 5 
1 9 7 4 3 5 6 2 8 
6 2 5 1 7 8 9 3 4 
Finished Trial #36
Time: 0.000299 s
Nodes expanded: 56
4 6 1 8 9 7 3 5 2 
8 5 9 3 2 4 7 6 1 
7 3 2 5 1 6 4 8 9 
9 1 3 6 5 2 8 4 7 
2 4 6 7 8 1 5 9 3 
5 7 8 9 4 3 2 1 6 
3 8 4 2 6 9 1 7 5 
1 9 7 4 3 5 6 2 8 
6 2 5 1 7 8 9 3 4 
Finished Trial #37
Time: 0.00028 s
Nodes expanded: 53
4 6 1 8 9 7 3 5 2 
8 5 9 3 2 4 7 6 1 
7 3 2 5 1 6 4 8 9 
9 1 3 6 5 2 8 4 7 
2 4 6 7 8 1 5 9 3 
5 7 8 9 4 3 2 1 6 
3 8 4 2 6 9 1 7 5 
1 9 7 4 3 5 6 2 8 
6 2 5 1 7 8 9 3 4 
Finished Trial #38
Time: 0.000224 s
Nodes expanded: 47
4 6 1 8 9 7 3 5 2 
8 5 9 3 2 4 7 6 1 
7 3 2 5 1 6 4 8 9 
9 1 3 6 5 2 8 4 7 
2 4 6 7 8 1 5 9 3 
5 7 8 9 4 3 2 1 6 
3 8 4 2 6 9 1 7 5 
1 9 7 4 3 5 6 2 8 
6 2 5 1 7 8 9 3 4 
Finished Trial #39
Time: 0.000279 s
Nodes expanded: 58
4 6 1 8 9 7 3 5 2 
8 5 9 3 2 4 7 6 1 
7 3 2 5 1 6 4 8 9 
9 1 3 6 5 2 8 4 7 
2 4 6 7 8 1 5 9 3 
5 7 8 9 4 3 2 1 6 
3 8 4 2 6 9 1 7 5 
1 9 7 4 3 5 6 2 8 
6 2 5 1 7 8 9 3 4 
Finished Trial #40
Time: 0.000275 s
Nodes expanded: 57
4 6 1 8 9 7 3 5 2 
8 5 9 3 2 4 7 6 1 
7 3 2 5 1 6 4 8 9 
9 1 3 6 5 2 8 4 7 
2 4 6 7 8 1 5 9 3 
5 7 8 9 4 3 2 1 6 
3 8 4 2 6 9 1 7 5 
1 9 7 4 3 5 6 2 8 
6 2 5 1 7 8 9 3 4 
Finished Trial #41
Time: 0.000227 s
Nodes expanded: 47
4 6 1 8 9 7 3 5 2 
8 5 9 3 2 4 7 6 1 
7 3 2 5 1 6 4 8 9 
9 1 3 6 5 2 8 4 7 
2 4 6 7 8 1 5 9 3 
5 7 8 9 4 3 2 1 6 
3 8 4 2 6 9 1 7 5 
1 9 7 4 3 5 6 2 8 
6 2 5 1 7 8 9 3 4 
Finished Trial #42
Time: 0.000242 s
Nodes expanded: 47
4 6 1 8 9 7 3 5 2 
8 5 9 3 2 4 7 6 1 
7 3 2 5 1 6 4 8 9 
9 1 3 6 5 2 8 4 7 
2 4 6 7 8 1 5 9 3 
5 7 8 9 4 3 2 1 6 
3 8 4 2 6 9 1 7 5 
1 9 7 4 3 5 6 2 8 
6 2 5 1 7 8 9 3 4 
Finished Trial #43
Time: 0.000289 s
Nodes expanded: 60
4 6 1 8 9 7 3 5 2 
8 5 9 3 2 4 7 6 1 
7 3 2 5 1 6 4 8 9 
9 1 3 6 5 2 8 4 7 
2 4 6 7 8 1 5 9 3 
5 7 8 9 4 3 2 1 6 
3 8 4 2 6 9 1 7 5 
1 9 7 4 3 5 6 2 8 
6 2 5 1 7 8 9 3 4 
Finished Trial #44
Time: 0.000227 s
Nodes expanded: 47
4 6 1 8 9 7 3 5 2 
8 5 9 3 2 4 7 6 1 
7 3 2 5 1 6 4 8 9 
9 1 3 6 5 2 8 4 7 
2 4 6 7 8 1 5 9 3 
5 7 8 9 4 3 2 1 6 
3 8 4 2 6 9 1 7 5 
1 9 7 4 3 5 6 2 8 
6 2 5 1 7 8 9 3 4 
Finished Trial #45
Time: 0.000224 s
Nodes expanded: 47
4 6 1 8 9 7 3 5 2 
8 5 9 3 2 4 7 6 1 
7 3 2 5 1 6 4 8 9 
9 1 3 6 5 2 8 4 7 
2 4 6 7 8 1 5 9 3 
5 7 8 9 4 3 2 1 6 
3 8 4 2 6 9 1 7 5 
1 9 7 4 3 5 6 2 8 
6 2 5 1 7 8 9 3 4 
Finished Trial #46
Time: 0.000224 s
Nodes expanded: 47
4 6 1 8 9 7 3 5 2 
8 5 9 3 2 4 7 6 1 
7 3 2 5 1 6 4 8 9 
9 1 3 6 5 2 8 4 7 
2 4 6 7 8 1 5 9 3 
5 7 8 9 4 3 2 1 6 
3 8 4 2 6 9 1 7 5 
1 9 7 4 3 5 6 2 8 
6 2 5 1 7 8 9 3 4 
Finished Trial #47
Time: 0.000274 s
Nodes expanded: 57
4 6 1 8 9 7 3 5 2 
8 5 9 3 2 4 7 6 1 
7 3 2 5 1 6 4 8 9 
9 1 3 6 5 2 8 4 7 
2 4 6 7 8 1 5 9 3 
5 7 8 9 4 3 2 1 6 
3 8 4 2 6 9 1 7 5 
1 9 7 4 3 5 6 2 8 
6 2 5 1 7 8 9 3 4 
Finished Trial #48
Time: 0.000239 s
Nodes expanded: 50
4 6 1 8 9 7 3 5 2 
8 5 9 3 2 4 7 6 1 
7 3 2 5 1 6 4 8 9 
9 1 3 6 5 2 8 4 7 
2 4 6 7 8 1 5 9 3 
5 7 8 9 4 3 2 1 6 
3 8 4 2 6 9 1 7 5 
1 9 7 4 3 5 6 2 8 
6 2 5 1 7 8 9 3 4 
Finished Trial #49
Time: 0.000228 s
Nodes expanded: 47
********************************************
Finished! Average runtime 0.00037222 s Std Dev: 0.000179326
Average Nodes Expanded 52.76 Std Dev: 6.79576
