Difficulty = 0 numTrials = 50 method = 1
4 6 1 8 9 7 3 5 2 
8 5 9 3 2 4 7 6 1 
7 3 2 5 1 6 4 8 9 
9 1 3 6 5 2 8 4 7 
2 4 6 7 8 1 5 9 3 
5 7 8 9 4 3 2 1 6 
3 8 4 2 6 9 1 7 5 
1 9 7 4 3 5 6 2 8 
6 2 5 1 7 8 9 3 4 
Finished Trial #0
Time: 0.012275 s
Nodes expanded: 3390
4 6 1 8 9 7 3 5 2 
8 5 9 3 2 4 7 6 1 
7 3 2 5 1 6 4 8 9 
9 1 3 6 5 2 8 4 7 
2 4 6 7 8 1 5 9 3 
5 7 8 9 4 3 2 1 6 
3 8 4 2 6 9 1 7 5 
1 9 7 4 3 5 6 2 8 
6 2 5 1 7 8 9 3 4 
Finished Trial #1
Time: 0.007999 s
Nodes expanded: 2697
4 6 1 8 9 7 3 5 2 
8 5 9 3 2 4 7 6 1 
7 3 2 5 1 6 4 8 9 
9 1 3 6 5 2 8 4 7 
2 4 6 7 8 1 5 9 3 
5 7 8 9 4 3 2 1 6 
3 8 4 2 6 9 1 7 5 
1 9 7 4 3 5 6 2 8 
6 2 5 1 7 8 9 3 4 
Finished Trial #2
Time: 0.013795 s
Nodes expanded: 4864
4 6 1 8 9 7 3 5 2 
8 5 9 3 2 4 7 6 1 
7 3 2 5 1 6 4 8 9 
9 1 3 6 5 2 8 4 7 
2 4 6 7 8 1 5 9 3 
5 7 8 9 4 3 2 1 6 
3 8 4 2 6 9 1 7 5 
1 9 7 4 3 5 6 2 8 
6 2 5 1 7 8 9 3 4 
Finished Trial #3
Time: 0.009454 s
Nodes expanded: 3469
4 6 1 8 9 7 3 5 2 
8 5 9 3 2 4 7 6 1 
7 3 2 5 1 6 4 8 9 
9 1 3 6 5 2 8 4 7 
2 4 6 7 8 1 5 9 3 
5 7 8 9 4 3 2 1 6 
3 8 4 2 6 9 1 7 5 
1 9 7 4 3 5 6 2 8 
6 2 5 1 7 8 9 3 4 
Finished Trial #4
Time: 0.020525 s
Nodes expanded: 7503
4 6 1 8 9 7 3 5 2 
8 5 9 3 2 4 7 6 1 
7 3 2 5 1 6 4 8 9 
9 1 3 6 5 2 8 4 7 
2 4 6 7 8 1 5 9 3 
5 7 8 9 4 3 2 1 6 
3 8 4 2 6 9 1 7 5 
1 9 7 4 3 5 6 2 8 
6 2 5 1 7 8 9 3 4 
Finished Trial #5
Time: 0.007598 s
Nodes expanded: 2765
4 6 1 8 9 7 3 5 2 
8 5 9 3 2 4 7 6 1 
7 3 2 5 1 6 4 8 9 
9 1 3 6 5 2 8 4 7 
2 4 6 7 8 1 5 9 3 
5 7 8 9 4 3 2 1 6 
3 8 4 2 6 9 1 7 5 
1 9 7 4 3 5 6 2 8 
6 2 5 1 7 8 9 3 4 
Finished Trial #6
Time: 0.009744 s
Nodes expanded: 3526
4 6 1 8 9 7 3 5 2 
8 5 9 3 2 4 7 6 1 
7 3 2 5 1 6 4 8 9 
9 1 3 6 5 2 8 4 7 
2 4 6 7 8 1 5 9 3 
5 7 8 9 4 3 2 1 6 
3 8 4 2 6 9 1 7 5 
1 9 7 4 3 5 6 2 8 
6 2 5 1 7 8 9 3 4 
Finished Trial #7
Time: 0.001604 s
Nodes expanded: 539
4 6 1 8 9 7 3 5 2 
8 5 9 3 2 4 7 6 1 
7 3 2 5 1 6 4 8 9 
9 1 3 6 5 2 8 4 7 
2 4 6 7 8 1 5 9 3 
5 7 8 9 4 3 2 1 6 
3 8 4 2 6 9 1 7 5 
1 9 7 4 3 5 6 2 8 
6 2 5 1 7 8 9 3 4 
Finished Trial #8
Time: 0.017018 s
Nodes expanded: 5904
4 6 1 8 9 7 3 5 2 
8 5 9 3 2 4 7 6 1 
7 3 2 5 1 6 4 8 9 
9 1 3 6 5 2 8 4 7 
2 4 6 7 8 1 5 9 3 
5 7 8 9 4 3 2 1 6 
3 8 4 2 6 9 1 7 5 
1 9 7 4 3 5 6 2 8 
6 2 5 1 7 8 9 3 4 
Finished Trial #9
Time: 0.000828 s
Nodes expanded: 303
4 6 1 8 9 7 3 5 2 
8 5 9 3 2 4 7 6 1 
7 3 2 5 1 6 4 8 9 
9 1 3 6 5 2 8 4 7 
2 4 6 7 8 1 5 9 3 
5 7 8 9 4 3 2 1 6 
3 8 4 2 6 9 1 7 5 
1 9 7 4 3 5 6 2 8 
6 2 5 1 7 8 9 3 4 
Finished Trial #10
Time: 0.014302 s
Nodes expanded: 4492
4 6 1 8 9 7 3 5 2 
8 5 9 3 2 4 7 6 1 
7 3 2 5 1 6 4 8 9 
9 1 3 6 5 2 8 4 7 
2 4 6 7 8 1 5 9 3 
5 7 8 9 4 3 2 1 6 
3 8 4 2 6 9 1 7 5 
1 9 7 4 3 5 6 2 8 
6 2 5 1 7 8 9 3 4 
Finished Trial #11
Time: 0.001553 s
Nodes expanded: 577
4 6 1 8 9 7 3 5 2 
8 5 9 3 2 4 7 6 1 
7 3 2 5 1 6 4 8 9 
9 1 3 6 5 2 8 4 7 
2 4 6 7 8 1 5 9 3 
5 7 8 9 4 3 2 1 6 
3 8 4 2 6 9 1 7 5 
1 9 7 4 3 5 6 2 8 
6 2 5 1 7 8 9 3 4 
Finished Trial #12
Time: 0.006659 s
Nodes expanded: 2414
4 6 1 8 9 7 3 5 2 
8 5 9 3 2 4 7 6 1 
7 3 2 5 1 6 4 8 9 
9 1 3 6 5 2 8 4 7 
2 4 6 7 8 1 5 9 3 
5 7 8 9 4 3 2 1 6 
3 8 4 2 6 9 1 7 5 
1 9 7 4 3 5 6 2 8 
6 2 5 1 7 8 9 3 4 
Finished Trial #13
Time: 0.025477 s
Nodes expanded: 9140
4 6 1 8 9 7 3 5 2 
8 5 9 3 2 4 7 6 1 
7 3 2 5 1 6 4 8 9 
9 1 3 6 5 2 8 4 7 
2 4 6 7 8 1 5 9 3 
5 7 8 9 4 3 2 1 6 
3 8 4 2 6 9 1 7 5 
1 9 7 4 3 5 6 2 8 
6 2 5 1 7 8 9 3 4 
Finished Trial #14
Time: 0.049568 s
Nodes expanded: 17771
4 6 1 8 9 7 3 5 2 
8 5 9 3 2 4 7 6 1 
7 3 2 5 1 6 4 8 9 
9 1 3 6 5 2 8 4 7 
2 4 6 7 8 1 5 9 3 
5 7 8 9 4 3 2 1 6 
3 8 4 2 6 9 1 7 5 
1 9 7 4 3 5 6 2 8 
6 2 5 1 7 8 9 3 4 
Finished Trial #15
Time: 0.00323 s
Nodes expanded: 1167
4 6 1 8 9 7 3 5 2 
8 5 9 3 2 4 7 6 1 
7 3 2 5 1 6 4 8 9 
9 1 3 6 5 2 8 4 7 
2 4 6 7 8 1 5 9 3 
5 7 8 9 4 3 2 1 6 
3 8 4 2 6 9 1 7 5 
1 9 7 4 3 5 6 2 8 
6 2 5 1 7 8 9 3 4 
Finished Trial #16
Time: 0.006332 s
Nodes expanded: 2248
4 6 1 8 9 7 3 5 2 
8 5 9 3 2 4 7 6 1 
7 3 2 5 1 6 4 8 9 
9 1 3 6 5 2 8 4 7 
2 4 6 7 8 1 5 9 3 
5 7 8 9 4 3 2 1 6 
3 8 4 2 6 9 1 7 5 
1 9 7 4 3 5 6 2 8 
6 2 5 1 7 8 9 3 4 
Finished Trial #17
Time: 0.009835 s
Nodes expanded: 3595
4 6 1 8 9 7 3 5 2 
8 5 9 3 2 4 7 6 1 
7 3 2 5 1 6 4 8 9 
9 1 3 6 5 2 8 4 7 
2 4 6 7 8 1 5 9 3 
5 7 8 9 4 3 2 1 6 
3 8 4 2 6 9 1 7 5 
1 9 7 4 3 5 6 2 8 
6 2 5 1 7 8 9 3 4 
Finished Trial #18
Time: 0.015979 s
Nodes expanded: 6024
4 6 1 8 9 7 3 5 2 
8 5 9 3 2 4 7 6 1 
7 3 2 5 1 6 4 8 9 
9 1 3 6 5 2 8 4 7 
2 4 6 7 8 1 5 9 3 
5 7 8 9 4 3 2 1 6 
3 8 4 2 6 9 1 7 5 
1 9 7 4 3 5 6 2 8 
6 2 5 1 7 8 9 3 4 
Finished Trial #19
Time: 0.004293 s
Nodes expanded: 1632
4 6 1 8 9 7 3 5 2 
8 5 9 3 2 4 7 6 1 
7 3 2 5 1 6 4 8 9 
9 1 3 6 5 2 8 4 7 
2 4 6 7 8 1 5 9 3 
5 7 8 9 4 3 2 1 6 
3 8 4 2 6 9 1 7 5 
1 9 7 4 3 5 6 2 8 
6 2 5 1 7 8 9 3 4 
Finished Trial #20
Time: 0.002768 s
Nodes expanded: 1007
4 6 1 8 9 7 3 5 2 
8 5 9 3 2 4 7 6 1 
7 3 2 5 1 6 4 8 9 
9 1 3 6 5 2 8 4 7 
2 4 6 7 8 1 5 9 3 
5 7 8 9 4 3 2 1 6 
3 8 4 2 6 9 1 7 5 
1 9 7 4 3 5 6 2 8 
6 2 5 1 7 8 9 3 4 
Finished Trial #21
Time: 0.011853 s
Nodes expanded: 4197
4 6 1 8 9 7 3 5 2 
8 5 9 3 2 4 7 6 1 
7 3 2 5 1 6 4 8 9 
9 1 3 6 5 2 8 4 7 
2 4 6 7 8 1 5 9 3 
5 7 8 9 4 3 2 1 6 
3 8 4 2 6 9 1 7 5 
1 9 7 4 3 5 6 2 8 
6 2 5 1 7 8 9 3 4 
Finished Trial #22
Time: 0.00484 s
Nodes expanded: 1767
4 6 1 8 9 7 3 5 2 
8 5 9 3 2 4 7 6 1 
7 3 2 5 1 6 4 8 9 
9 1 3 6 5 2 8 4 7 
2 4 6 7 8 1 5 9 3 
5 7 8 9 4 3 2 1 6 
3 8 4 2 6 9 1 7 5 
1 9 7 4 3 5 6 2 8 
6 2 5 1 7 8 9 3 4 
Finished Trial #23
Time: 0.006549 s
Nodes expanded: 2258
4 6 1 8 9 7 3 5 2 
8 5 9 3 2 4 7 6 1 
7 3 2 5 1 6 4 8 9 
9 1 3 6 5 2 8 4 7 
2 4 6 7 8 1 5 9 3 
5 7 8 9 4 3 2 1 6 
3 8 4 2 6 9 1 7 5 
1 9 7 4 3 5 6 2 8 
6 2 5 1 7 8 9 3 4 
Finished Trial #24
Time: 0.002233 s
Nodes expanded: 788
4 6 1 8 9 7 3 5 2 
8 5 9 3 2 4 7 6 1 
7 3 2 5 1 6 4 8 9 
9 1 3 6 5 2 8 4 7 
2 4 6 7 8 1 5 9 3 
5 7 8 9 4 3 2 1 6 
3 8 4 2 6 9 1 7 5 
1 9 7 4 3 5 6 2 8 
6 2 5 1 7 8 9 3 4 
Finished Trial #25
Time: 0.000163 s
Nodes expanded: 60
4 6 1 8 9 7 3 5 2 
8 5 9 3 2 4 7 6 1 
7 3 2 5 1 6 4 8 9 
9 1 3 6 5 2 8 4 7 
2 4 6 7 8 1 5 9 3 
5 7 8 9 4 3 2 1 6 
3 8 4 2 6 9 1 7 5 
1 9 7 4 3 5 6 2 8 
6 2 5 1 7 8 9 3 4 
Finished Trial #26
Time: 0.019215 s
Nodes expanded: 6846
4 6 1 8 9 7 3 5 2 
8 5 9 3 2 4 7 6 1 
7 3 2 5 1 6 4 8 9 
9 1 3 6 5 2 8 4 7 
2 4 6 7 8 1 5 9 3 
5 7 8 9 4 3 2 1 6 
3 8 4 2 6 9 1 7 5 
1 9 7 4 3 5 6 2 8 
6 2 5 1 7 8 9 3 4 
Finished Trial #27
Time: 0.005349 s
Nodes expanded: 2022
4 6 1 8 9 7 3 5 2 
8 5 9 3 2 4 7 6 1 
7 3 2 5 1 6 4 8 9 
9 1 3 6 5 2 8 4 7 
2 4 6 7 8 1 5 9 3 
5 7 8 9 4 3 2 1 6 
3 8 4 2 6 9 1 7 5 
1 9 7 4 3 5 6 2 8 
6 2 5 1 7 8 9 3 4 
Finished Trial #28
Time: 0.000303 s
Nodes expanded: 112
4 6 1 8 9 7 3 5 2 
8 5 9 3 2 4 7 6 1 
7 3 2 5 1 6 4 8 9 
9 1 3 6 5 2 8 4 7 
2 4 6 7 8 1 5 9 3 
5 7 8 9 4 3 2 1 6 
3 8 4 2 6 9 1 7 5 
1 9 7 4 3 5 6 2 8 
6 2 5 1 7 8 9 3 4 
Finished Trial #29
Time: 0.005951 s
Nodes expanded: 2188
4 6 1 8 9 7 3 5 2 
8 5 9 3 2 4 7 6 1 
7 3 2 5 1 6 4 8 9 
9 1 3 6 5 2 8 4 7 
2 4 6 7 8 1 5 9 3 
5 7 8 9 4 3 2 1 6 
3 8 4 2 6 9 1 7 5 
1 9 7 4 3 5 6 2 8 
6 2 5 1 7 8 9 3 4 
Finished Trial #30
Time: 0.042349 s
Nodes expanded: 15370
4 6 1 8 9 7 3 5 2 
8 5 9 3 2 4 7 6 1 
7 3 2 5 1 6 4 8 9 
9 1 3 6 5 2 8 4 7 
2 4 6 7 8 1 5 9 3 
5 7 8 9 4 3 2 1 6 
3 8 4 2 6 9 1 7 5 
1 9 7 4 3 5 6 2 8 
6 2 5 1 7 8 9 3 4 
Finished Trial #31
Time: 0.004839 s
Nodes expanded: 1738
4 6 1 8 9 7 3 5 2 
8 5 9 3 2 4 7 6 1 
7 3 2 5 1 6 4 8 9 
9 1 3 6 5 2 8 4 7 
2 4 6 7 8 1 5 9 3 
5 7 8 9 4 3 2 1 6 
3 8 4 2 6 9 1 7 5 
1 9 7 4 3 5 6 2 8 
6 2 5 1 7 8 9 3 4 
Finished Trial #32
Time: 0.004455 s
Nodes expanded: 1578
4 6 1 8 9 7 3 5 2 
8 5 9 3 2 4 7 6 1 
7 3 2 5 1 6 4 8 9 
9 1 3 6 5 2 8 4 7 
2 4 6 7 8 1 5 9 3 
5 7 8 9 4 3 2 1 6 
3 8 4 2 6 9 1 7 5 
1 9 7 4 3 5 6 2 8 
6 2 5 1 7 8 9 3 4 
Finished Trial #33
Time: 0.001058 s
Nodes expanded: 377
4 6 1 8 9 7 3 5 2 
8 5 9 3 2 4 7 6 1 
7 3 2 5 1 6 4 8 9 
9 1 3 6 5 2 8 4 7 
2 4 6 7 8 1 5 9 3 
5 7 8 9 4 3 2 1 6 
3 8 4 2 6 9 1 7 5 
1 9 7 4 3 5 6 2 8 
6 2 5 1 7 8 9 3 4 
Finished Trial #34
Time: 0.001865 s
Nodes expanded: 672
4 6 1 8 9 7 3 5 2 
8 5 9 3 2 4 7 6 1 
7 3 2 5 1 6 4 8 9 
9 1 3 6 5 2 8 4 7 
2 4 6 7 8 1 5 9 3 
5 7 8 9 4 3 2 1 6 
3 8 4 2 6 9 1 7 5 
1 9 7 4 3 5 6 2 8 
6 2 5 1 7 8 9 3 4 
Finished Trial #35
Time: 0.052828 s
Nodes expanded: 19304
4 6 1 8 9 7 3 5 2 
8 5 9 3 2 4 7 6 1 
7 3 2 5 1 6 4 8 9 
9 1 3 6 5 2 8 4 7 
2 4 6 7 8 1 5 9 3 
5 7 8 9 4 3 2 1 6 
3 8 4 2 6 9 1 7 5 
1 9 7 4 3 5 6 2 8 
6 2 5 1 7 8 9 3 4 
Finished Trial #36
Time: 0.04343 s
Nodes expanded: 15837
4 6 1 8 9 7 3 5 2 
8 5 9 3 2 4 7 6 1 
7 3 2 5 1 6 4 8 9 
9 1 3 6 5 2 8 4 7 
2 4 6 7 8 1 5 9 3 
5 7 8 9 4 3 2 1 6 
3 8 4 2 6 9 1 7 5 
1 9 7 4 3 5 6 2 8 
6 2 5 1 7 8 9 3 4 
Finished Trial #37
Time: 0.014892 s
Nodes expanded: 5460
4 6 1 8 9 7 3 5 2 
8 5 9 3 2 4 7 6 1 
7 3 2 5 1 6 4 8 9 
9 1 3 6 5 2 8 4 7 
2 4 6 7 8 1 5 9 3 
5 7 8 9 4 3 2 1 6 
3 8 4 2 6 9 1 7 5 
1 9 7 4 3 5 6 2 8 
6 2 5 1 7 8 9 3 4 
Finished Trial #38
Time: 0.00711 s
Nodes expanded: 2509
4 6 1 8 9 7 3 5 2 
8 5 9 3 2 4 7 6 1 
7 3 2 5 1 6 4 8 9 
9 1 3 6 5 2 8 4 7 
2 4 6 7 8 1 5 9 3 
5 7 8 9 4 3 2 1 6 
3 8 4 2 6 9 1 7 5 
1 9 7 4 3 5 6 2 8 
6 2 5 1 7 8 9 3 4 
Finished Trial #39
Time: 0.006536 s
Nodes expanded: 2387
4 6 1 8 9 7 3 5 2 
8 5 9 3 2 4 7 6 1 
7 3 2 5 1 6 4 8 9 
9 1 3 6 5 2 8 4 7 
2 4 6 7 8 1 5 9 3 
5 7 8 9 4 3 2 1 6 
3 8 4 2 6 9 1 7 5 
1 9 7 4 3 5 6 2 8 
6 2 5 1 7 8 9 3 4 
Finished Trial #40
Time: 0.006348 s
Nodes expanded: 2361
4 6 1 8 9 7 3 5 2 
8 5 9 3 2 4 7 6 1 
7 3 2 5 1 6 4 8 9 
9 1 3 6 5 2 8 4 7 
2 4 6 7 8 1 5 9 3 
5 7 8 9 4 3 2 1 6 
3 8 4 2 6 9 1 7 5 
1 9 7 4 3 5 6 2 8 
6 2 5 1 7 8 9 3 4 
Finished Trial #41
Time: 0.008149 s
Nodes expanded: 2962
4 6 1 8 9 7 3 5 2 
8 5 9 3 2 4 7 6 1 
7 3 2 5 1 6 4 8 9 
9 1 3 6 5 2 8 4 7 
2 4 6 7 8 1 5 9 3 
5 7 8 9 4 3 2 1 6 
3 8 4 2 6 9 1 7 5 
1 9 7 4 3 5 6 2 8 
6 2 5 1 7 8 9 3 4 
Finished Trial #42
Time: 0.006354 s
Nodes expanded: 2316
4 6 1 8 9 7 3 5 2 
8 5 9 3 2 4 7 6 1 
7 3 2 5 1 6 4 8 9 
9 1 3 6 5 2 8 4 7 
2 4 6 7 8 1 5 9 3 
5 7 8 9 4 3 2 1 6 
3 8 4 2 6 9 1 7 5 
1 9 7 4 3 5 6 2 8 
6 2 5 1 7 8 9 3 4 
Finished Trial #43
Time: 0.016293 s
Nodes expanded: 6022
4 6 1 8 9 7 3 5 2 
8 5 9 3 2 4 7 6 1 
7 3 2 5 1 6 4 8 9 
9 1 3 6 5 2 8 4 7 
2 4 6 7 8 1 5 9 3 
5 7 8 9 4 3 2 1 6 
3 8 4 2 6 9 1 7 5 
1 9 7 4 3 5 6 2 8 
6 2 5 1 7 8 9 3 4 
Finished Trial #44
Time: 0.000814 s
Nodes expanded: 295
4 6 1 8 9 7 3 5 2 
8 5 9 3 2 4 7 6 1 
7 3 2 5 1 6 4 8 9 
9 1 3 6 5 2 8 4 7 
2 4 6 7 8 1 5 9 3 
5 7 8 9 4 3 2 1 6 
3 8 4 2 6 9 1 7 5 
1 9 7 4 3 5 6 2 8 
6 2 5 1 7 8 9 3 4 
Finished Trial #45
Time: 0.010718 s
Nodes expanded: 3916
4 6 1 8 9 7 3 5 2 
8 5 9 3 2 4 7 6 1 
7 3 2 5 1 6 4 8 9 
9 1 3 6 5 2 8 4 7 
2 4 6 7 8 1 5 9 3 
5 7 8 9 4 3 2 1 6 
3 8 4 2 6 9 1 7 5 
1 9 7 4 3 5 6 2 8 
6 2 5 1 7 8 9 3 4 
Finished Trial #46
Time: 0.003044 s
Nodes expanded: 1097
4 6 1 8 9 7 3 5 2 
8 5 9 3 2 4 7 6 1 
7 3 2 5 1 6 4 8 9 
9 1 3 6 5 2 8 4 7 
2 4 6 7 8 1 5 9 3 
5 7 8 9 4 3 2 1 6 
3 8 4 2 6 9 1 7 5 
1 9 7 4 3 5 6 2 8 
6 2 5 1 7 8 9 3 4 
Finished Trial #47
Time: 0.0054 s
Nodes expanded: 1959
4 6 1 8 9 7 3 5 2 
8 5 9 3 2 4 7 6 1 
7 3 2 5 1 6 4 8 9 
9 1 3 6 5 2 8 4 7 
2 4 6 7 8 1 5 9 3 
5 7 8 9 4 3 2 1 6 
3 8 4 2 6 9 1 7 5 
1 9 7 4 3 5 6 2 8 
6 2 5 1 7 8 9 3 4 
Finished Trial #48
Time: 0.007628 s
Nodes expanded: 2909
4 6 1 8 9 7 3 5 2 
8 5 9 3 2 4 7 6 1 
7 3 2 5 1 6 4 8 9 
9 1 3 6 5 2 8 4 7 
2 4 6 7 8 1 5 9 3 
5 7 8 9 4 3 2 1 6 
3 8 4 2 6 9 1 7 5 
1 9 7 4 3 5 6 2 8 
6 2 5 1 7 8 9 3 4 
Finished Trial #49
Time: 0.019015 s
Nodes expanded: 6706
********************************************
Finished! Average runtime 0.0112083 s Std Dev: 0.0121083
Average Nodes Expanded 4020.8 Std Dev: 4387.28
