Difficulty = 3 numTrials = 50 method = 2
7 6 1 8 2 5 3 4 9 
3 5 2 9 6 4 8 7 1 
9 4 8 7 1 3 6 5 2 
4 8 7 5 3 2 9 1 6 
1 9 5 6 8 7 2 3 4 
2 3 6 4 9 1 5 8 7 
5 2 3 1 7 9 4 6 8 
8 1 4 2 5 6 7 9 3 
6 7 9 3 4 8 1 2 5 
Finished Trial #0
Time: 0.005314 s
Nodes expanded: 347
7 6 1 8 2 5 3 4 9 
3 5 2 9 6 4 8 7 1 
9 4 8 7 1 3 6 5 2 
4 8 7 5 3 2 9 1 6 
1 9 5 6 8 7 2 3 4 
2 3 6 4 9 1 5 8 7 
5 2 3 1 7 9 4 6 8 
8 1 4 2 5 6 7 9 3 
6 7 9 3 4 8 1 2 5 
Finished Trial #1
Time: 0.002609 s
Nodes expanded: 173
7 6 1 8 2 5 3 4 9 
3 5 2 9 6 4 8 7 1 
9 4 8 7 1 3 6 5 2 
4 8 7 5 3 2 9 1 6 
1 9 5 6 8 7 2 3 4 
2 3 6 4 9 1 5 8 7 
5 2 3 1 7 9 4 6 8 
8 1 4 2 5 6 7 9 3 
6 7 9 3 4 8 1 2 5 
Finished Trial #2
Time: 0.007114 s
Nodes expanded: 762
7 6 1 8 2 5 3 4 9 
3 5 2 9 6 4 8 7 1 
9 4 8 7 1 3 6 5 2 
4 8 7 5 3 2 9 1 6 
1 9 5 6 8 7 2 3 4 
2 3 6 4 9 1 5 8 7 
5 2 3 1 7 9 4 6 8 
8 1 4 2 5 6 7 9 3 
6 7 9 3 4 8 1 2 5 
Finished Trial #3
Time: 0.001852 s
Nodes expanded: 315
7 6 1 8 2 5 3 4 9 
3 5 2 9 6 4 8 7 1 
9 4 8 7 1 3 6 5 2 
4 8 7 5 3 2 9 1 6 
1 9 5 6 8 7 2 3 4 
2 3 6 4 9 1 5 8 7 
5 2 3 1 7 9 4 6 8 
8 1 4 2 5 6 7 9 3 
6 7 9 3 4 8 1 2 5 
Finished Trial #4
Time: 0.001313 s
Nodes expanded: 237
7 6 1 8 2 5 3 4 9 
3 5 2 9 6 4 8 7 1 
9 4 8 7 1 3 6 5 2 
4 8 7 5 3 2 9 1 6 
1 9 5 6 8 7 2 3 4 
2 3 6 4 9 1 5 8 7 
5 2 3 1 7 9 4 6 8 
8 1 4 2 5 6 7 9 3 
6 7 9 3 4 8 1 2 5 
Finished Trial #5
Time: 0.00576 s
Nodes expanded: 1034
7 6 1 8 2 5 3 4 9 
3 5 2 9 6 4 8 7 1 
9 4 8 7 1 3 6 5 2 
4 8 7 5 3 2 9 1 6 
1 9 5 6 8 7 2 3 4 
2 3 6 4 9 1 5 8 7 
5 2 3 1 7 9 4 6 8 
8 1 4 2 5 6 7 9 3 
6 7 9 3 4 8 1 2 5 
Finished Trial #6
Time: 0.000342 s
Nodes expanded: 62
7 6 1 8 2 5 3 4 9 
3 5 2 9 6 4 8 7 1 
9 4 8 7 1 3 6 5 2 
4 8 7 5 3 2 9 1 6 
1 9 5 6 8 7 2 3 4 
2 3 6 4 9 1 5 8 7 
5 2 3 1 7 9 4 6 8 
8 1 4 2 5 6 7 9 3 
6 7 9 3 4 8 1 2 5 
Finished Trial #7
Time: 0.000365 s
Nodes expanded: 65
7 6 1 8 2 5 3 4 9 
3 5 2 9 6 4 8 7 1 
9 4 8 7 1 3 6 5 2 
4 8 7 5 3 2 9 1 6 
1 9 5 6 8 7 2 3 4 
2 3 6 4 9 1 5 8 7 
5 2 3 1 7 9 4 6 8 
8 1 4 2 5 6 7 9 3 
6 7 9 3 4 8 1 2 5 
Finished Trial #8
Time: 0.001626 s
Nodes expanded: 275
7 6 1 8 2 5 3 4 9 
3 5 2 9 6 4 8 7 1 
9 4 8 7 1 3 6 5 2 
4 8 7 5 3 2 9 1 6 
1 9 5 6 8 7 2 3 4 
2 3 6 4 9 1 5 8 7 
5 2 3 1 7 9 4 6 8 
8 1 4 2 5 6 7 9 3 
6 7 9 3 4 8 1 2 5 
Finished Trial #9
Time: 0.005149 s
Nodes expanded: 846
7 6 1 8 2 5 3 4 9 
3 5 2 9 6 4 8 7 1 
9 4 8 7 1 3 6 5 2 
4 8 7 5 3 2 9 1 6 
1 9 5 6 8 7 2 3 4 
2 3 6 4 9 1 5 8 7 
5 2 3 1 7 9 4 6 8 
8 1 4 2 5 6 7 9 3 
6 7 9 3 4 8 1 2 5 
Finished Trial #10
Time: 0.001186 s
Nodes expanded: 189
7 6 1 8 2 5 3 4 9 
3 5 2 9 6 4 8 7 1 
9 4 8 7 1 3 6 5 2 
4 8 7 5 3 2 9 1 6 
1 9 5 6 8 7 2 3 4 
2 3 6 4 9 1 5 8 7 
5 2 3 1 7 9 4 6 8 
8 1 4 2 5 6 7 9 3 
6 7 9 3 4 8 1 2 5 
Finished Trial #11
Time: 0.002881 s
Nodes expanded: 476
7 6 1 8 2 5 3 4 9 
3 5 2 9 6 4 8 7 1 
9 4 8 7 1 3 6 5 2 
4 8 7 5 3 2 9 1 6 
1 9 5 6 8 7 2 3 4 
2 3 6 4 9 1 5 8 7 
5 2 3 1 7 9 4 6 8 
8 1 4 2 5 6 7 9 3 
6 7 9 3 4 8 1 2 5 
Finished Trial #12
Time: 0.001984 s
Nodes expanded: 337
7 6 1 8 2 5 3 4 9 
3 5 2 9 6 4 8 7 1 
9 4 8 7 1 3 6 5 2 
4 8 7 5 3 2 9 1 6 
1 9 5 6 8 7 2 3 4 
2 3 6 4 9 1 5 8 7 
5 2 3 1 7 9 4 6 8 
8 1 4 2 5 6 7 9 3 
6 7 9 3 4 8 1 2 5 
Finished Trial #13
Time: 0.000354 s
Nodes expanded: 63
7 6 1 8 2 5 3 4 9 
3 5 2 9 6 4 8 7 1 
9 4 8 7 1 3 6 5 2 
4 8 7 5 3 2 9 1 6 
1 9 5 6 8 7 2 3 4 
2 3 6 4 9 1 5 8 7 
5 2 3 1 7 9 4 6 8 
8 1 4 2 5 6 7 9 3 
6 7 9 3 4 8 1 2 5 
Finished Trial #14
Time: 0.002209 s
Nodes expanded: 382
7 6 1 8 2 5 3 4 9 
3 5 2 9 6 4 8 7 1 
9 4 8 7 1 3 6 5 2 
4 8 7 5 3 2 9 1 6 
1 9 5 6 8 7 2 3 4 
2 3 6 4 9 1 5 8 7 
5 2 3 1 7 9 4 6 8 
8 1 4 2 5 6 7 9 3 
6 7 9 3 4 8 1 2 5 
Finished Trial #15
Time: 0.002573 s
Nodes expanded: 427
7 6 1 8 2 5 3 4 9 
3 5 2 9 6 4 8 7 1 
9 4 8 7 1 3 6 5 2 
4 8 7 5 3 2 9 1 6 
1 9 5 6 8 7 2 3 4 
2 3 6 4 9 1 5 8 7 
5 2 3 1 7 9 4 6 8 
8 1 4 2 5 6 7 9 3 
6 7 9 3 4 8 1 2 5 
Finished Trial #16
Time: 0.003572 s
Nodes expanded: 576
7 6 1 8 2 5 3 4 9 
3 5 2 9 6 4 8 7 1 
9 4 8 7 1 3 6 5 2 
4 8 7 5 3 2 9 1 6 
1 9 5 6 8 7 2 3 4 
2 3 6 4 9 1 5 8 7 
5 2 3 1 7 9 4 6 8 
8 1 4 2 5 6 7 9 3 
6 7 9 3 4 8 1 2 5 
Finished Trial #17
Time: 0.001749 s
Nodes expanded: 288
7 6 1 8 2 5 3 4 9 
3 5 2 9 6 4 8 7 1 
9 4 8 7 1 3 6 5 2 
4 8 7 5 3 2 9 1 6 
1 9 5 6 8 7 2 3 4 
2 3 6 4 9 1 5 8 7 
5 2 3 1 7 9 4 6 8 
8 1 4 2 5 6 7 9 3 
6 7 9 3 4 8 1 2 5 
Finished Trial #18
Time: 0.00135 s
Nodes expanded: 214
7 6 1 8 2 5 3 4 9 
3 5 2 9 6 4 8 7 1 
9 4 8 7 1 3 6 5 2 
4 8 7 5 3 2 9 1 6 
1 9 5 6 8 7 2 3 4 
2 3 6 4 9 1 5 8 7 
5 2 3 1 7 9 4 6 8 
8 1 4 2 5 6 7 9 3 
6 7 9 3 4 8 1 2 5 
Finished Trial #19
Time: 0.001689 s
Nodes expanded: 277
7 6 1 8 2 5 3 4 9 
3 5 2 9 6 4 8 7 1 
9 4 8 7 1 3 6 5 2 
4 8 7 5 3 2 9 1 6 
1 9 5 6 8 7 2 3 4 
2 3 6 4 9 1 5 8 7 
5 2 3 1 7 9 4 6 8 
8 1 4 2 5 6 7 9 3 
6 7 9 3 4 8 1 2 5 
Finished Trial #20
Time: 0.003205 s
Nodes expanded: 525
7 6 1 8 2 5 3 4 9 
3 5 2 9 6 4 8 7 1 
9 4 8 7 1 3 6 5 2 
4 8 7 5 3 2 9 1 6 
1 9 5 6 8 7 2 3 4 
2 3 6 4 9 1 5 8 7 
5 2 3 1 7 9 4 6 8 
8 1 4 2 5 6 7 9 3 
6 7 9 3 4 8 1 2 5 
Finished Trial #21
Time: 0.002971 s
Nodes expanded: 488
7 6 1 8 2 5 3 4 9 
3 5 2 9 6 4 8 7 1 
9 4 8 7 1 3 6 5 2 
4 8 7 5 3 2 9 1 6 
1 9 5 6 8 7 2 3 4 
2 3 6 4 9 1 5 8 7 
5 2 3 1 7 9 4 6 8 
8 1 4 2 5 6 7 9 3 
6 7 9 3 4 8 1 2 5 
Finished Trial #22
Time: 0.002797 s
Nodes expanded: 465
7 6 1 8 2 5 3 4 9 
3 5 2 9 6 4 8 7 1 
9 4 8 7 1 3 6 5 2 
4 8 7 5 3 2 9 1 6 
1 9 5 6 8 7 2 3 4 
2 3 6 4 9 1 5 8 7 
5 2 3 1 7 9 4 6 8 
8 1 4 2 5 6 7 9 3 
6 7 9 3 4 8 1 2 5 
Finished Trial #23
Time: 0.002809 s
Nodes expanded: 549
7 6 1 8 2 5 3 4 9 
3 5 2 9 6 4 8 7 1 
9 4 8 7 1 3 6 5 2 
4 8 7 5 3 2 9 1 6 
1 9 5 6 8 7 2 3 4 
2 3 6 4 9 1 5 8 7 
5 2 3 1 7 9 4 6 8 
8 1 4 2 5 6 7 9 3 
6 7 9 3 4 8 1 2 5 
Finished Trial #24
Time: 0.001361 s
Nodes expanded: 267
7 6 1 8 2 5 3 4 9 
3 5 2 9 6 4 8 7 1 
9 4 8 7 1 3 6 5 2 
4 8 7 5 3 2 9 1 6 
1 9 5 6 8 7 2 3 4 
2 3 6 4 9 1 5 8 7 
5 2 3 1 7 9 4 6 8 
8 1 4 2 5 6 7 9 3 
6 7 9 3 4 8 1 2 5 
Finished Trial #25
Time: 0.001083 s
Nodes expanded: 200
7 6 1 8 2 5 3 4 9 
3 5 2 9 6 4 8 7 1 
9 4 8 7 1 3 6 5 2 
4 8 7 5 3 2 9 1 6 
1 9 5 6 8 7 2 3 4 
2 3 6 4 9 1 5 8 7 
5 2 3 1 7 9 4 6 8 
8 1 4 2 5 6 7 9 3 
6 7 9 3 4 8 1 2 5 
Finished Trial #26
Time: 0.002054 s
Nodes expanded: 410
7 6 1 8 2 5 3 4 9 
3 5 2 9 6 4 8 7 1 
9 4 8 7 1 3 6 5 2 
4 8 7 5 3 2 9 1 6 
1 9 5 6 8 7 2 3 4 
2 3 6 4 9 1 5 8 7 
5 2 3 1 7 9 4 6 8 
8 1 4 2 5 6 7 9 3 
6 7 9 3 4 8 1 2 5 
Finished Trial #27
Time: 0.000584 s
Nodes expanded: 113
7 6 1 8 2 5 3 4 9 
3 5 2 9 6 4 8 7 1 
9 4 8 7 1 3 6 5 2 
4 8 7 5 3 2 9 1 6 
1 9 5 6 8 7 2 3 4 
2 3 6 4 9 1 5 8 7 
5 2 3 1 7 9 4 6 8 
8 1 4 2 5 6 7 9 3 
6 7 9 3 4 8 1 2 5 
Finished Trial #28
Time: 0.001585 s
Nodes expanded: 309
7 6 1 8 2 5 3 4 9 
3 5 2 9 6 4 8 7 1 
9 4 8 7 1 3 6 5 2 
4 8 7 5 3 2 9 1 6 
1 9 5 6 8 7 2 3 4 
2 3 6 4 9 1 5 8 7 
5 2 3 1 7 9 4 6 8 
8 1 4 2 5 6 7 9 3 
6 7 9 3 4 8 1 2 5 
Finished Trial #29
Time: 0.000982 s
Nodes expanded: 196
7 6 1 8 2 5 3 4 9 
3 5 2 9 6 4 8 7 1 
9 4 8 7 1 3 6 5 2 
4 8 7 5 3 2 9 1 6 
1 9 5 6 8 7 2 3 4 
2 3 6 4 9 1 5 8 7 
5 2 3 1 7 9 4 6 8 
8 1 4 2 5 6 7 9 3 
6 7 9 3 4 8 1 2 5 
Finished Trial #30
Time: 0.000255 s
Nodes expanded: 55
7 6 1 8 2 5 3 4 9 
3 5 2 9 6 4 8 7 1 
9 4 8 7 1 3 6 5 2 
4 8 7 5 3 2 9 1 6 
1 9 5 6 8 7 2 3 4 
2 3 6 4 9 1 5 8 7 
5 2 3 1 7 9 4 6 8 
8 1 4 2 5 6 7 9 3 
6 7 9 3 4 8 1 2 5 
Finished Trial #31
Time: 0.001607 s
Nodes expanded: 267
7 6 1 8 2 5 3 4 9 
3 5 2 9 6 4 8 7 1 
9 4 8 7 1 3 6 5 2 
4 8 7 5 3 2 9 1 6 
1 9 5 6 8 7 2 3 4 
2 3 6 4 9 1 5 8 7 
5 2 3 1 7 9 4 6 8 
8 1 4 2 5 6 7 9 3 
6 7 9 3 4 8 1 2 5 
Finished Trial #32
Time: 0.003373 s
Nodes expanded: 625
7 6 1 8 2 5 3 4 9 
3 5 2 9 6 4 8 7 1 
9 4 8 7 1 3 6 5 2 
4 8 7 5 3 2 9 1 6 
1 9 5 6 8 7 2 3 4 
2 3 6 4 9 1 5 8 7 
5 2 3 1 7 9 4 6 8 
8 1 4 2 5 6 7 9 3 
6 7 9 3 4 8 1 2 5 
Finished Trial #33
Time: 0.002855 s
Nodes expanded: 514
7 6 1 8 2 5 3 4 9 
3 5 2 9 6 4 8 7 1 
9 4 8 7 1 3 6 5 2 
4 8 7 5 3 2 9 1 6 
1 9 5 6 8 7 2 3 4 
2 3 6 4 9 1 5 8 7 
5 2 3 1 7 9 4 6 8 
8 1 4 2 5 6 7 9 3 
6 7 9 3 4 8 1 2 5 
Finished Trial #34
Time: 0.002999 s
Nodes expanded: 526
7 6 1 8 2 5 3 4 9 
3 5 2 9 6 4 8 7 1 
9 4 8 7 1 3 6 5 2 
4 8 7 5 3 2 9 1 6 
1 9 5 6 8 7 2 3 4 
2 3 6 4 9 1 5 8 7 
5 2 3 1 7 9 4 6 8 
8 1 4 2 5 6 7 9 3 
6 7 9 3 4 8 1 2 5 
Finished Trial #35
Time: 0.002601 s
Nodes expanded: 484
7 6 1 8 2 5 3 4 9 
3 5 2 9 6 4 8 7 1 
9 4 8 7 1 3 6 5 2 
4 8 7 5 3 2 9 1 6 
1 9 5 6 8 7 2 3 4 
2 3 6 4 9 1 5 8 7 
5 2 3 1 7 9 4 6 8 
8 1 4 2 5 6 7 9 3 
6 7 9 3 4 8 1 2 5 
Finished Trial #36
Time: 0.000486 s
Nodes expanded: 93
7 6 1 8 2 5 3 4 9 
3 5 2 9 6 4 8 7 1 
9 4 8 7 1 3 6 5 2 
4 8 7 5 3 2 9 1 6 
1 9 5 6 8 7 2 3 4 
2 3 6 4 9 1 5 8 7 
5 2 3 1 7 9 4 6 8 
8 1 4 2 5 6 7 9 3 
6 7 9 3 4 8 1 2 5 
Finished Trial #37
Time: 0.000878 s
Nodes expanded: 140
7 6 1 8 2 5 3 4 9 
3 5 2 9 6 4 8 7 1 
9 4 8 7 1 3 6 5 2 
4 8 7 5 3 2 9 1 6 
1 9 5 6 8 7 2 3 4 
2 3 6 4 9 1 5 8 7 
5 2 3 1 7 9 4 6 8 
8 1 4 2 5 6 7 9 3 
6 7 9 3 4 8 1 2 5 
Finished Trial #38
Time: 0.001554 s
Nodes expanded: 260
7 6 1 8 2 5 3 4 9 
3 5 2 9 6 4 8 7 1 
9 4 8 7 1 3 6 5 2 
4 8 7 5 3 2 9 1 6 
1 9 5 6 8 7 2 3 4 
2 3 6 4 9 1 5 8 7 
5 2 3 1 7 9 4 6 8 
8 1 4 2 5 6 7 9 3 
6 7 9 3 4 8 1 2 5 
Finished Trial #39
Time: 0.000546 s
Nodes expanded: 103
7 6 1 8 2 5 3 4 9 
3 5 2 9 6 4 8 7 1 
9 4 8 7 1 3 6 5 2 
4 8 7 5 3 2 9 1 6 
1 9 5 6 8 7 2 3 4 
2 3 6 4 9 1 5 8 7 
5 2 3 1 7 9 4 6 8 
8 1 4 2 5 6 7 9 3 
6 7 9 3 4 8 1 2 5 
Finished Trial #40
Time: 0.001324 s
Nodes expanded: 223
7 6 1 8 2 5 3 4 9 
3 5 2 9 6 4 8 7 1 
9 4 8 7 1 3 6 5 2 
4 8 7 5 3 2 9 1 6 
1 9 5 6 8 7 2 3 4 
2 3 6 4 9 1 5 8 7 
5 2 3 1 7 9 4 6 8 
8 1 4 2 5 6 7 9 3 
6 7 9 3 4 8 1 2 5 
Finished Trial #41
Time: 0.000395 s
Nodes expanded: 71
7 6 1 8 2 5 3 4 9 
3 5 2 9 6 4 8 7 1 
9 4 8 7 1 3 6 5 2 
4 8 7 5 3 2 9 1 6 
1 9 5 6 8 7 2 3 4 
2 3 6 4 9 1 5 8 7 
5 2 3 1 7 9 4 6 8 
8 1 4 2 5 6 7 9 3 
6 7 9 3 4 8 1 2 5 
Finished Trial #42
Time: 0.000771 s
Nodes expanded: 133
7 6 1 8 2 5 3 4 9 
3 5 2 9 6 4 8 7 1 
9 4 8 7 1 3 6 5 2 
4 8 7 5 3 2 9 1 6 
1 9 5 6 8 7 2 3 4 
2 3 6 4 9 1 5 8 7 
5 2 3 1 7 9 4 6 8 
8 1 4 2 5 6 7 9 3 
6 7 9 3 4 8 1 2 5 
Finished Trial #43
Time: 0.001623 s
Nodes expanded: 264
7 6 1 8 2 5 3 4 9 
3 5 2 9 6 4 8 7 1 
9 4 8 7 1 3 6 5 2 
4 8 7 5 3 2 9 1 6 
1 9 5 6 8 7 2 3 4 
2 3 6 4 9 1 5 8 7 
5 2 3 1 7 9 4 6 8 
8 1 4 2 5 6 7 9 3 
6 7 9 3 4 8 1 2 5 
Finished Trial #44
Time: 0.005778 s
Nodes expanded: 990
7 6 1 8 2 5 3 4 9 
3 5 2 9 6 4 8 7 1 
9 4 8 7 1 3 6 5 2 
4 8 7 5 3 2 9 1 6 
1 9 5 6 8 7 2 3 4 
2 3 6 4 9 1 5 8 7 
5 2 3 1 7 9 4 6 8 
8 1 4 2 5 6 7 9 3 
6 7 9 3 4 8 1 2 5 
Finished Trial #45
Time: 0.003251 s
Nodes expanded: 527
7 6 1 8 2 5 3 4 9 
3 5 2 9 6 4 8 7 1 
9 4 8 7 1 3 6 5 2 
4 8 7 5 3 2 9 1 6 
1 9 5 6 8 7 2 3 4 
2 3 6 4 9 1 5 8 7 
5 2 3 1 7 9 4 6 8 
8 1 4 2 5 6 7 9 3 
6 7 9 3 4 8 1 2 5 
Finished Trial #46
Time: 0.000984 s
Nodes expanded: 161
7 6 1 8 2 5 3 4 9 
3 5 2 9 6 4 8 7 1 
9 4 8 7 1 3 6 5 2 
4 8 7 5 3 2 9 1 6 
1 9 5 6 8 7 2 3 4 
2 3 6 4 9 1 5 8 7 
5 2 3 1 7 9 4 6 8 
8 1 4 2 5 6 7 9 3 
6 7 9 3 4 8 1 2 5 
Finished Trial #47
Time: 0.002707 s
Nodes expanded: 468
7 6 1 8 2 5 3 4 9 
3 5 2 9 6 4 8 7 1 
9 4 8 7 1 3 6 5 2 
4 8 7 5 3 2 9 1 6 
1 9 5 6 8 7 2 3 4 
2 3 6 4 9 1 5 8 7 
5 2 3 1 7 9 4 6 8 
8 1 4 2 5 6 7 9 3 
6 7 9 3 4 8 1 2 5 
Finished Trial #48
Time: 0.001248 s
Nodes expanded: 205
7 6 1 8 2 5 3 4 9 
3 5 2 9 6 4 8 7 1 
9 4 8 7 1 3 6 5 2 
4 8 7 5 3 2 9 1 6 
1 9 5 6 8 7 2 3 4 
2 3 6 4 9 1 5 8 7 
5 2 3 1 7 9 4 6 8 
8 1 4 2 5 6 7 9 3 
6 7 9 3 4 8 1 2 5 
Finished Trial #49
Time: 0.00032 s
Nodes expanded: 58
********************************************
Finished! Average runtime 0.00211954 s Std Dev: 0.00155633
Average Nodes Expanded 340.68 Std Dev: 232.01
