Difficulty = 3 numTrials = 50 method = 1
7 6 1 8 2 5 3 4 9 
3 5 2 9 6 4 8 7 1 
9 4 8 7 1 3 6 5 2 
4 8 7 5 3 2 9 1 6 
1 9 5 6 8 7 2 3 4 
2 3 6 4 9 1 5 8 7 
5 2 3 1 7 9 4 6 8 
8 1 4 2 5 6 7 9 3 
6 7 9 3 4 8 1 2 5 
Finished Trial #0
Time: 1.13859 s
Nodes expanded: 384007
7 6 1 8 2 5 3 4 9 
3 5 2 9 6 4 8 7 1 
9 4 8 7 1 3 6 5 2 
4 8 7 5 3 2 9 1 6 
1 9 5 6 8 7 2 3 4 
2 3 6 4 9 1 5 8 7 
5 2 3 1 7 9 4 6 8 
8 1 4 2 5 6 7 9 3 
6 7 9 3 4 8 1 2 5 
Finished Trial #1
Time: 0.021649 s
Nodes expanded: 7508
7 6 1 8 2 5 3 4 9 
3 5 2 9 6 4 8 7 1 
9 4 8 7 1 3 6 5 2 
4 8 7 5 3 2 9 1 6 
1 9 5 6 8 7 2 3 4 
2 3 6 4 9 1 5 8 7 
5 2 3 1 7 9 4 6 8 
8 1 4 2 5 6 7 9 3 
6 7 9 3 4 8 1 2 5 
Finished Trial #2
Time: 2.64092 s
Nodes expanded: 936850
7 6 1 8 2 5 3 4 9 
3 5 2 9 6 4 8 7 1 
9 4 8 7 1 3 6 5 2 
4 8 7 5 3 2 9 1 6 
1 9 5 6 8 7 2 3 4 
2 3 6 4 9 1 5 8 7 
5 2 3 1 7 9 4 6 8 
8 1 4 2 5 6 7 9 3 
6 7 9 3 4 8 1 2 5 
Finished Trial #3
Time: 3.87669 s
Nodes expanded: 1344367
7 6 1 8 2 5 3 4 9 
3 5 2 9 6 4 8 7 1 
9 4 8 7 1 3 6 5 2 
4 8 7 5 3 2 9 1 6 
1 9 5 6 8 7 2 3 4 
2 3 6 4 9 1 5 8 7 
5 2 3 1 7 9 4 6 8 
8 1 4 2 5 6 7 9 3 
6 7 9 3 4 8 1 2 5 
Finished Trial #4
Time: 1.39252 s
Nodes expanded: 500691
7 6 1 8 2 5 3 4 9 
3 5 2 9 6 4 8 7 1 
9 4 8 7 1 3 6 5 2 
4 8 7 5 3 2 9 1 6 
1 9 5 6 8 7 2 3 4 
2 3 6 4 9 1 5 8 7 
5 2 3 1 7 9 4 6 8 
8 1 4 2 5 6 7 9 3 
6 7 9 3 4 8 1 2 5 
Finished Trial #5
Time: 2.28263 s
Nodes expanded: 788223
7 6 1 8 2 5 3 4 9 
3 5 2 9 6 4 8 7 1 
9 4 8 7 1 3 6 5 2 
4 8 7 5 3 2 9 1 6 
1 9 5 6 8 7 2 3 4 
2 3 6 4 9 1 5 8 7 
5 2 3 1 7 9 4 6 8 
8 1 4 2 5 6 7 9 3 
6 7 9 3 4 8 1 2 5 
Finished Trial #6
Time: 0.371167 s
Nodes expanded: 133553
7 6 1 8 2 5 3 4 9 
3 5 2 9 6 4 8 7 1 
9 4 8 7 1 3 6 5 2 
4 8 7 5 3 2 9 1 6 
1 9 5 6 8 7 2 3 4 
2 3 6 4 9 1 5 8 7 
5 2 3 1 7 9 4 6 8 
8 1 4 2 5 6 7 9 3 
6 7 9 3 4 8 1 2 5 
Finished Trial #7
Time: 2.08741 s
Nodes expanded: 720655
7 6 1 8 2 5 3 4 9 
3 5 2 9 6 4 8 7 1 
9 4 8 7 1 3 6 5 2 
4 8 7 5 3 2 9 1 6 
1 9 5 6 8 7 2 3 4 
2 3 6 4 9 1 5 8 7 
5 2 3 1 7 9 4 6 8 
8 1 4 2 5 6 7 9 3 
6 7 9 3 4 8 1 2 5 
Finished Trial #8
Time: 0.64816 s
Nodes expanded: 227152
7 6 1 8 2 5 3 4 9 
3 5 2 9 6 4 8 7 1 
9 4 8 7 1 3 6 5 2 
4 8 7 5 3 2 9 1 6 
1 9 5 6 8 7 2 3 4 
2 3 6 4 9 1 5 8 7 
5 2 3 1 7 9 4 6 8 
8 1 4 2 5 6 7 9 3 
6 7 9 3 4 8 1 2 5 
Finished Trial #9
Time: 1.5751 s
Nodes expanded: 567000
7 6 1 8 2 5 3 4 9 
3 5 2 9 6 4 8 7 1 
9 4 8 7 1 3 6 5 2 
4 8 7 5 3 2 9 1 6 
1 9 5 6 8 7 2 3 4 
2 3 6 4 9 1 5 8 7 
5 2 3 1 7 9 4 6 8 
8 1 4 2 5 6 7 9 3 
6 7 9 3 4 8 1 2 5 
Finished Trial #10
Time: 1.08274 s
Nodes expanded: 374353
7 6 1 8 2 5 3 4 9 
3 5 2 9 6 4 8 7 1 
9 4 8 7 1 3 6 5 2 
4 8 7 5 3 2 9 1 6 
1 9 5 6 8 7 2 3 4 
2 3 6 4 9 1 5 8 7 
5 2 3 1 7 9 4 6 8 
8 1 4 2 5 6 7 9 3 
6 7 9 3 4 8 1 2 5 
Finished Trial #11
Time: 0.477183 s
Nodes expanded: 163238
7 6 1 8 2 5 3 4 9 
3 5 2 9 6 4 8 7 1 
9 4 8 7 1 3 6 5 2 
4 8 7 5 3 2 9 1 6 
1 9 5 6 8 7 2 3 4 
2 3 6 4 9 1 5 8 7 
5 2 3 1 7 9 4 6 8 
8 1 4 2 5 6 7 9 3 
6 7 9 3 4 8 1 2 5 
Finished Trial #12
Time: 2.09934 s
Nodes expanded: 707842
7 6 1 8 2 5 3 4 9 
3 5 2 9 6 4 8 7 1 
9 4 8 7 1 3 6 5 2 
4 8 7 5 3 2 9 1 6 
1 9 5 6 8 7 2 3 4 
2 3 6 4 9 1 5 8 7 
5 2 3 1 7 9 4 6 8 
8 1 4 2 5 6 7 9 3 
6 7 9 3 4 8 1 2 5 
Finished Trial #13
Time: 0.118597 s
Nodes expanded: 41825
7 6 1 8 2 5 3 4 9 
3 5 2 9 6 4 8 7 1 
9 4 8 7 1 3 6 5 2 
4 8 7 5 3 2 9 1 6 
1 9 5 6 8 7 2 3 4 
2 3 6 4 9 1 5 8 7 
5 2 3 1 7 9 4 6 8 
8 1 4 2 5 6 7 9 3 
6 7 9 3 4 8 1 2 5 
Finished Trial #14
Time: 1.40435 s
Nodes expanded: 479537
7 6 1 8 2 5 3 4 9 
3 5 2 9 6 4 8 7 1 
9 4 8 7 1 3 6 5 2 
4 8 7 5 3 2 9 1 6 
1 9 5 6 8 7 2 3 4 
2 3 6 4 9 1 5 8 7 
5 2 3 1 7 9 4 6 8 
8 1 4 2 5 6 7 9 3 
6 7 9 3 4 8 1 2 5 
Finished Trial #15
Time: 8.68981 s
Nodes expanded: 2916339
7 6 1 8 2 5 3 4 9 
3 5 2 9 6 4 8 7 1 
9 4 8 7 1 3 6 5 2 
4 8 7 5 3 2 9 1 6 
1 9 5 6 8 7 2 3 4 
2 3 6 4 9 1 5 8 7 
5 2 3 1 7 9 4 6 8 
8 1 4 2 5 6 7 9 3 
6 7 9 3 4 8 1 2 5 
Finished Trial #16
Time: 2.00669 s
Nodes expanded: 710905
7 6 1 8 2 5 3 4 9 
3 5 2 9 6 4 8 7 1 
9 4 8 7 1 3 6 5 2 
4 8 7 5 3 2 9 1 6 
1 9 5 6 8 7 2 3 4 
2 3 6 4 9 1 5 8 7 
5 2 3 1 7 9 4 6 8 
8 1 4 2 5 6 7 9 3 
6 7 9 3 4 8 1 2 5 
Finished Trial #17
Time: 3.33028 s
Nodes expanded: 1128514
7 6 1 8 2 5 3 4 9 
3 5 2 9 6 4 8 7 1 
9 4 8 7 1 3 6 5 2 
4 8 7 5 3 2 9 1 6 
1 9 5 6 8 7 2 3 4 
2 3 6 4 9 1 5 8 7 
5 2 3 1 7 9 4 6 8 
8 1 4 2 5 6 7 9 3 
6 7 9 3 4 8 1 2 5 
Finished Trial #18
Time: 12.7032 s
Nodes expanded: 4476862
7 6 1 8 2 5 3 4 9 
3 5 2 9 6 4 8 7 1 
9 4 8 7 1 3 6 5 2 
4 8 7 5 3 2 9 1 6 
1 9 5 6 8 7 2 3 4 
2 3 6 4 9 1 5 8 7 
5 2 3 1 7 9 4 6 8 
8 1 4 2 5 6 7 9 3 
6 7 9 3 4 8 1 2 5 
Finished Trial #19
Time: 4.64437 s
Nodes expanded: 1607035
7 6 1 8 2 5 3 4 9 
3 5 2 9 6 4 8 7 1 
9 4 8 7 1 3 6 5 2 
4 8 7 5 3 2 9 1 6 
1 9 5 6 8 7 2 3 4 
2 3 6 4 9 1 5 8 7 
5 2 3 1 7 9 4 6 8 
8 1 4 2 5 6 7 9 3 
6 7 9 3 4 8 1 2 5 
Finished Trial #20
Time: 0.586933 s
Nodes expanded: 201190
7 6 1 8 2 5 3 4 9 
3 5 2 9 6 4 8 7 1 
9 4 8 7 1 3 6 5 2 
4 8 7 5 3 2 9 1 6 
1 9 5 6 8 7 2 3 4 
2 3 6 4 9 1 5 8 7 
5 2 3 1 7 9 4 6 8 
8 1 4 2 5 6 7 9 3 
6 7 9 3 4 8 1 2 5 
Finished Trial #21
Time: 0.117588 s
Nodes expanded: 41881
7 6 1 8 2 5 3 4 9 
3 5 2 9 6 4 8 7 1 
9 4 8 7 1 3 6 5 2 
4 8 7 5 3 2 9 1 6 
1 9 5 6 8 7 2 3 4 
2 3 6 4 9 1 5 8 7 
5 2 3 1 7 9 4 6 8 
8 1 4 2 5 6 7 9 3 
6 7 9 3 4 8 1 2 5 
Finished Trial #22
Time: 0.965863 s
Nodes expanded: 333777
7 6 1 8 2 5 3 4 9 
3 5 2 9 6 4 8 7 1 
9 4 8 7 1 3 6 5 2 
4 8 7 5 3 2 9 1 6 
1 9 5 6 8 7 2 3 4 
2 3 6 4 9 1 5 8 7 
5 2 3 1 7 9 4 6 8 
8 1 4 2 5 6 7 9 3 
6 7 9 3 4 8 1 2 5 
Finished Trial #23
Time: 2.78855 s
Nodes expanded: 959589
7 6 1 8 2 5 3 4 9 
3 5 2 9 6 4 8 7 1 
9 4 8 7 1 3 6 5 2 
4 8 7 5 3 2 9 1 6 
1 9 5 6 8 7 2 3 4 
2 3 6 4 9 1 5 8 7 
5 2 3 1 7 9 4 6 8 
8 1 4 2 5 6 7 9 3 
6 7 9 3 4 8 1 2 5 
Finished Trial #24
Time: 3.04487 s
Nodes expanded: 1053343
7 6 1 8 2 5 3 4 9 
3 5 2 9 6 4 8 7 1 
9 4 8 7 1 3 6 5 2 
4 8 7 5 3 2 9 1 6 
1 9 5 6 8 7 2 3 4 
2 3 6 4 9 1 5 8 7 
5 2 3 1 7 9 4 6 8 
8 1 4 2 5 6 7 9 3 
6 7 9 3 4 8 1 2 5 
Finished Trial #25
Time: 3.47227 s
Nodes expanded: 1187444
7 6 1 8 2 5 3 4 9 
3 5 2 9 6 4 8 7 1 
9 4 8 7 1 3 6 5 2 
4 8 7 5 3 2 9 1 6 
1 9 5 6 8 7 2 3 4 
2 3 6 4 9 1 5 8 7 
5 2 3 1 7 9 4 6 8 
8 1 4 2 5 6 7 9 3 
6 7 9 3 4 8 1 2 5 
Finished Trial #26
Time: 4.42283 s
Nodes expanded: 1558837
7 6 1 8 2 5 3 4 9 
3 5 2 9 6 4 8 7 1 
9 4 8 7 1 3 6 5 2 
4 8 7 5 3 2 9 1 6 
1 9 5 6 8 7 2 3 4 
2 3 6 4 9 1 5 8 7 
5 2 3 1 7 9 4 6 8 
8 1 4 2 5 6 7 9 3 
6 7 9 3 4 8 1 2 5 
Finished Trial #27
Time: 0.564281 s
Nodes expanded: 188168
7 6 1 8 2 5 3 4 9 
3 5 2 9 6 4 8 7 1 
9 4 8 7 1 3 6 5 2 
4 8 7 5 3 2 9 1 6 
1 9 5 6 8 7 2 3 4 
2 3 6 4 9 1 5 8 7 
5 2 3 1 7 9 4 6 8 
8 1 4 2 5 6 7 9 3 
6 7 9 3 4 8 1 2 5 
Finished Trial #28
Time: 0.693559 s
Nodes expanded: 237479
7 6 1 8 2 5 3 4 9 
3 5 2 9 6 4 8 7 1 
9 4 8 7 1 3 6 5 2 
4 8 7 5 3 2 9 1 6 
1 9 5 6 8 7 2 3 4 
2 3 6 4 9 1 5 8 7 
5 2 3 1 7 9 4 6 8 
8 1 4 2 5 6 7 9 3 
6 7 9 3 4 8 1 2 5 
Finished Trial #29
Time: 2.97489 s
Nodes expanded: 1072521
7 6 1 8 2 5 3 4 9 
3 5 2 9 6 4 8 7 1 
9 4 8 7 1 3 6 5 2 
4 8 7 5 3 2 9 1 6 
1 9 5 6 8 7 2 3 4 
2 3 6 4 9 1 5 8 7 
5 2 3 1 7 9 4 6 8 
8 1 4 2 5 6 7 9 3 
6 7 9 3 4 8 1 2 5 
Finished Trial #30
Time: 6.61738 s
Nodes expanded: 2246744
7 6 1 8 2 5 3 4 9 
3 5 2 9 6 4 8 7 1 
9 4 8 7 1 3 6 5 2 
4 8 7 5 3 2 9 1 6 
1 9 5 6 8 7 2 3 4 
2 3 6 4 9 1 5 8 7 
5 2 3 1 7 9 4 6 8 
8 1 4 2 5 6 7 9 3 
6 7 9 3 4 8 1 2 5 
Finished Trial #31
Time: 4.64236 s
Nodes expanded: 1566283
7 6 1 8 2 5 3 4 9 
3 5 2 9 6 4 8 7 1 
9 4 8 7 1 3 6 5 2 
4 8 7 5 3 2 9 1 6 
1 9 5 6 8 7 2 3 4 
2 3 6 4 9 1 5 8 7 
5 2 3 1 7 9 4 6 8 
8 1 4 2 5 6 7 9 3 
6 7 9 3 4 8 1 2 5 
Finished Trial #32
Time: 1.50273 s
Nodes expanded: 526457
7 6 1 8 2 5 3 4 9 
3 5 2 9 6 4 8 7 1 
9 4 8 7 1 3 6 5 2 
4 8 7 5 3 2 9 1 6 
1 9 5 6 8 7 2 3 4 
2 3 6 4 9 1 5 8 7 
5 2 3 1 7 9 4 6 8 
8 1 4 2 5 6 7 9 3 
6 7 9 3 4 8 1 2 5 
Finished Trial #33
Time: 11.879 s
Nodes expanded: 4305151
7 6 1 8 2 5 3 4 9 
3 5 2 9 6 4 8 7 1 
9 4 8 7 1 3 6 5 2 
4 8 7 5 3 2 9 1 6 
1 9 5 6 8 7 2 3 4 
2 3 6 4 9 1 5 8 7 
5 2 3 1 7 9 4 6 8 
8 1 4 2 5 6 7 9 3 
6 7 9 3 4 8 1 2 5 
Finished Trial #34
Time: 0.834944 s
Nodes expanded: 294929
7 6 1 8 2 5 3 4 9 
3 5 2 9 6 4 8 7 1 
9 4 8 7 1 3 6 5 2 
4 8 7 5 3 2 9 1 6 
1 9 5 6 8 7 2 3 4 
2 3 6 4 9 1 5 8 7 
5 2 3 1 7 9 4 6 8 
8 1 4 2 5 6 7 9 3 
6 7 9 3 4 8 1 2 5 
Finished Trial #35
Time: 1.2951 s
Nodes expanded: 454754
7 6 1 8 2 5 3 4 9 
3 5 2 9 6 4 8 7 1 
9 4 8 7 1 3 6 5 2 
4 8 7 5 3 2 9 1 6 
1 9 5 6 8 7 2 3 4 
2 3 6 4 9 1 5 8 7 
5 2 3 1 7 9 4 6 8 
8 1 4 2 5 6 7 9 3 
6 7 9 3 4 8 1 2 5 
Finished Trial #36
Time: 2.66802 s
Nodes expanded: 957445
7 6 1 8 2 5 3 4 9 
3 5 2 9 6 4 8 7 1 
9 4 8 7 1 3 6 5 2 
4 8 7 5 3 2 9 1 6 
1 9 5 6 8 7 2 3 4 
2 3 6 4 9 1 5 8 7 
5 2 3 1 7 9 4 6 8 
8 1 4 2 5 6 7 9 3 
6 7 9 3 4 8 1 2 5 
Finished Trial #37
Time: 0.708892 s
Nodes expanded: 255586
7 6 1 8 2 5 3 4 9 
3 5 2 9 6 4 8 7 1 
9 4 8 7 1 3 6 5 2 
4 8 7 5 3 2 9 1 6 
1 9 5 6 8 7 2 3 4 
2 3 6 4 9 1 5 8 7 
5 2 3 1 7 9 4 6 8 
8 1 4 2 5 6 7 9 3 
6 7 9 3 4 8 1 2 5 
Finished Trial #38
Time: 0.521963 s
Nodes expanded: 179247
7 6 1 8 2 5 3 4 9 
3 5 2 9 6 4 8 7 1 
9 4 8 7 1 3 6 5 2 
4 8 7 5 3 2 9 1 6 
1 9 5 6 8 7 2 3 4 
2 3 6 4 9 1 5 8 7 
5 2 3 1 7 9 4 6 8 
8 1 4 2 5 6 7 9 3 
6 7 9 3 4 8 1 2 5 
Finished Trial #39
Time: 2.20174 s
Nodes expanded: 777395
7 6 1 8 2 5 3 4 9 
3 5 2 9 6 4 8 7 1 
9 4 8 7 1 3 6 5 2 
4 8 7 5 3 2 9 1 6 
1 9 5 6 8 7 2 3 4 
2 3 6 4 9 1 5 8 7 
5 2 3 1 7 9 4 6 8 
8 1 4 2 5 6 7 9 3 
6 7 9 3 4 8 1 2 5 
Finished Trial #40
Time: 8.46904 s
Nodes expanded: 2923528
7 6 1 8 2 5 3 4 9 
3 5 2 9 6 4 8 7 1 
9 4 8 7 1 3 6 5 2 
4 8 7 5 3 2 9 1 6 
1 9 5 6 8 7 2 3 4 
2 3 6 4 9 1 5 8 7 
5 2 3 1 7 9 4 6 8 
8 1 4 2 5 6 7 9 3 
6 7 9 3 4 8 1 2 5 
Finished Trial #41
Time: 1.9987 s
Nodes expanded: 684397
7 6 1 8 2 5 3 4 9 
3 5 2 9 6 4 8 7 1 
9 4 8 7 1 3 6 5 2 
4 8 7 5 3 2 9 1 6 
1 9 5 6 8 7 2 3 4 
2 3 6 4 9 1 5 8 7 
5 2 3 1 7 9 4 6 8 
8 1 4 2 5 6 7 9 3 
6 7 9 3 4 8 1 2 5 
Finished Trial #42
Time: 0.100683 s
Nodes expanded: 34924
7 6 1 8 2 5 3 4 9 
3 5 2 9 6 4 8 7 1 
9 4 8 7 1 3 6 5 2 
4 8 7 5 3 2 9 1 6 
1 9 5 6 8 7 2 3 4 
2 3 6 4 9 1 5 8 7 
5 2 3 1 7 9 4 6 8 
8 1 4 2 5 6 7 9 3 
6 7 9 3 4 8 1 2 5 
Finished Trial #43
Time: 17.8733 s
Nodes expanded: 6158534
7 6 1 8 2 5 3 4 9 
3 5 2 9 6 4 8 7 1 
9 4 8 7 1 3 6 5 2 
4 8 7 5 3 2 9 1 6 
1 9 5 6 8 7 2 3 4 
2 3 6 4 9 1 5 8 7 
5 2 3 1 7 9 4 6 8 
8 1 4 2 5 6 7 9 3 
6 7 9 3 4 8 1 2 5 
Finished Trial #44
Time: 0.966608 s
Nodes expanded: 332410
7 6 1 8 2 5 3 4 9 
3 5 2 9 6 4 8 7 1 
9 4 8 7 1 3 6 5 2 
4 8 7 5 3 2 9 1 6 
1 9 5 6 8 7 2 3 4 
2 3 6 4 9 1 5 8 7 
5 2 3 1 7 9 4 6 8 
8 1 4 2 5 6 7 9 3 
6 7 9 3 4 8 1 2 5 
Finished Trial #45
Time: 0.837321 s
Nodes expanded: 276505
7 6 1 8 2 5 3 4 9 
3 5 2 9 6 4 8 7 1 
9 4 8 7 1 3 6 5 2 
4 8 7 5 3 2 9 1 6 
1 9 5 6 8 7 2 3 4 
2 3 6 4 9 1 5 8 7 
5 2 3 1 7 9 4 6 8 
8 1 4 2 5 6 7 9 3 
6 7 9 3 4 8 1 2 5 
Finished Trial #46
Time: 0.922659 s
Nodes expanded: 330502
7 6 1 8 2 5 3 4 9 
3 5 2 9 6 4 8 7 1 
9 4 8 7 1 3 6 5 2 
4 8 7 5 3 2 9 1 6 
1 9 5 6 8 7 2 3 4 
2 3 6 4 9 1 5 8 7 
5 2 3 1 7 9 4 6 8 
8 1 4 2 5 6 7 9 3 
6 7 9 3 4 8 1 2 5 
Finished Trial #47
Time: 0.312872 s
Nodes expanded: 110057
7 6 1 8 2 5 3 4 9 
3 5 2 9 6 4 8 7 1 
9 4 8 7 1 3 6 5 2 
4 8 7 5 3 2 9 1 6 
1 9 5 6 8 7 2 3 4 
2 3 6 4 9 1 5 8 7 
5 2 3 1 7 9 4 6 8 
8 1 4 2 5 6 7 9 3 
6 7 9 3 4 8 1 2 5 
Finished Trial #48
Time: 8.79156 s
Nodes expanded: 3020217
7 6 1 8 2 5 3 4 9 
3 5 2 9 6 4 8 7 1 
9 4 8 7 1 3 6 5 2 
4 8 7 5 3 2 9 1 6 
1 9 5 6 8 7 2 3 4 
2 3 6 4 9 1 5 8 7 
5 2 3 1 7 9 4 6 8 
8 1 4 2 5 6 7 9 3 
6 7 9 3 4 8 1 2 5 
Finished Trial #49
Time: 4.56186 s
Nodes expanded: 1499010
********************************************
Finished! Average runtime 2.9986 s Std Dev: 3.60259
Average Nodes Expanded 1.0397e+06 Std Dev: 1.25289e+06
