Difficulty = 2 numTrials = 50 method = 1
8 4 1 6 2 5 9 7 3 
7 6 2 1 3 9 5 4 8 
5 3 9 4 7 8 2 6 1 
2 1 7 3 9 6 4 8 5 
6 8 3 7 5 4 1 2 9 
9 5 4 2 8 1 7 3 6 
4 2 5 8 1 3 6 9 7 
3 9 6 5 4 7 8 1 2 
1 7 8 9 6 2 3 5 4 
Finished Trial #0
Time: 0.387499 s
Nodes expanded: 128061
8 4 1 6 2 5 9 7 3 
7 6 2 1 3 9 5 4 8 
5 3 9 4 7 8 2 6 1 
2 1 7 3 9 6 4 8 5 
6 8 3 7 5 4 1 2 9 
9 5 4 2 8 1 7 3 6 
4 2 5 8 1 3 6 9 7 
3 9 6 5 4 7 8 1 2 
1 7 8 9 6 2 3 5 4 
Finished Trial #1
Time: 0.851357 s
Nodes expanded: 295313
8 4 1 6 2 5 9 7 3 
7 6 2 1 3 9 5 4 8 
5 3 9 4 7 8 2 6 1 
2 1 7 3 9 6 4 8 5 
6 8 3 7 5 4 1 2 9 
9 5 4 2 8 1 7 3 6 
4 2 5 8 1 3 6 9 7 
3 9 6 5 4 7 8 1 2 
1 7 8 9 6 2 3 5 4 
Finished Trial #2
Time: 0.314236 s
Nodes expanded: 106010
8 4 1 6 2 5 9 7 3 
7 6 2 1 3 9 5 4 8 
5 3 9 4 7 8 2 6 1 
2 1 7 3 9 6 4 8 5 
6 8 3 7 5 4 1 2 9 
9 5 4 2 8 1 7 3 6 
4 2 5 8 1 3 6 9 7 
3 9 6 5 4 7 8 1 2 
1 7 8 9 6 2 3 5 4 
Finished Trial #3
Time: 1.20323 s
Nodes expanded: 414623
8 4 1 6 2 5 9 7 3 
7 6 2 1 3 9 5 4 8 
5 3 9 4 7 8 2 6 1 
2 1 7 3 9 6 4 8 5 
6 8 3 7 5 4 1 2 9 
9 5 4 2 8 1 7 3 6 
4 2 5 8 1 3 6 9 7 
3 9 6 5 4 7 8 1 2 
1 7 8 9 6 2 3 5 4 
Finished Trial #4
Time: 0.162669 s
Nodes expanded: 57862
8 4 1 6 2 5 9 7 3 
7 6 2 1 3 9 5 4 8 
5 3 9 4 7 8 2 6 1 
2 1 7 3 9 6 4 8 5 
6 8 3 7 5 4 1 2 9 
9 5 4 2 8 1 7 3 6 
4 2 5 8 1 3 6 9 7 
3 9 6 5 4 7 8 1 2 
1 7 8 9 6 2 3 5 4 
Finished Trial #5
Time: 0.01364 s
Nodes expanded: 4691
8 4 1 6 2 5 9 7 3 
7 6 2 1 3 9 5 4 8 
5 3 9 4 7 8 2 6 1 
2 1 7 3 9 6 4 8 5 
6 8 3 7 5 4 1 2 9 
9 5 4 2 8 1 7 3 6 
4 2 5 8 1 3 6 9 7 
3 9 6 5 4 7 8 1 2 
1 7 8 9 6 2 3 5 4 
Finished Trial #6
Time: 3.52319 s
Nodes expanded: 1198389
8 4 1 6 2 5 9 7 3 
7 6 2 1 3 9 5 4 8 
5 3 9 4 7 8 2 6 1 
2 1 7 3 9 6 4 8 5 
6 8 3 7 5 4 1 2 9 
9 5 4 2 8 1 7 3 6 
4 2 5 8 1 3 6 9 7 
3 9 6 5 4 7 8 1 2 
1 7 8 9 6 2 3 5 4 
Finished Trial #7
Time: 0.882976 s
Nodes expanded: 305611
8 4 1 6 2 5 9 7 3 
7 6 2 1 3 9 5 4 8 
5 3 9 4 7 8 2 6 1 
2 1 7 3 9 6 4 8 5 
6 8 3 7 5 4 1 2 9 
9 5 4 2 8 1 7 3 6 
4 2 5 8 1 3 6 9 7 
3 9 6 5 4 7 8 1 2 
1 7 8 9 6 2 3 5 4 
Finished Trial #8
Time: 2.05718 s
Nodes expanded: 714970
8 4 1 6 2 5 9 7 3 
7 6 2 1 3 9 5 4 8 
5 3 9 4 7 8 2 6 1 
2 1 7 3 9 6 4 8 5 
6 8 3 7 5 4 1 2 9 
9 5 4 2 8 1 7 3 6 
4 2 5 8 1 3 6 9 7 
3 9 6 5 4 7 8 1 2 
1 7 8 9 6 2 3 5 4 
Finished Trial #9
Time: 0.3519 s
Nodes expanded: 118933
8 4 1 6 2 5 9 7 3 
7 6 2 1 3 9 5 4 8 
5 3 9 4 7 8 2 6 1 
2 1 7 3 9 6 4 8 5 
6 8 3 7 5 4 1 2 9 
9 5 4 2 8 1 7 3 6 
4 2 5 8 1 3 6 9 7 
3 9 6 5 4 7 8 1 2 
1 7 8 9 6 2 3 5 4 
Finished Trial #10
Time: 1.60865 s
Nodes expanded: 576928
8 4 1 6 2 5 9 7 3 
7 6 2 1 3 9 5 4 8 
5 3 9 4 7 8 2 6 1 
2 1 7 3 9 6 4 8 5 
6 8 3 7 5 4 1 2 9 
9 5 4 2 8 1 7 3 6 
4 2 5 8 1 3 6 9 7 
3 9 6 5 4 7 8 1 2 
1 7 8 9 6 2 3 5 4 
Finished Trial #11
Time: 0.415583 s
Nodes expanded: 136659
8 4 1 6 2 5 9 7 3 
7 6 2 1 3 9 5 4 8 
5 3 9 4 7 8 2 6 1 
2 1 7 3 9 6 4 8 5 
6 8 3 7 5 4 1 2 9 
9 5 4 2 8 1 7 3 6 
4 2 5 8 1 3 6 9 7 
3 9 6 5 4 7 8 1 2 
1 7 8 9 6 2 3 5 4 
Finished Trial #12
Time: 2.36651 s
Nodes expanded: 781602
8 4 1 6 2 5 9 7 3 
7 6 2 1 3 9 5 4 8 
5 3 9 4 7 8 2 6 1 
2 1 7 3 9 6 4 8 5 
6 8 3 7 5 4 1 2 9 
9 5 4 2 8 1 7 3 6 
4 2 5 8 1 3 6 9 7 
3 9 6 5 4 7 8 1 2 
1 7 8 9 6 2 3 5 4 
Finished Trial #13
Time: 1.32721 s
Nodes expanded: 441277
8 4 1 6 2 5 9 7 3 
7 6 2 1 3 9 5 4 8 
5 3 9 4 7 8 2 6 1 
2 1 7 3 9 6 4 8 5 
6 8 3 7 5 4 1 2 9 
9 5 4 2 8 1 7 3 6 
4 2 5 8 1 3 6 9 7 
3 9 6 5 4 7 8 1 2 
1 7 8 9 6 2 3 5 4 
Finished Trial #14
Time: 0.703702 s
Nodes expanded: 239170
8 4 1 6 2 5 9 7 3 
7 6 2 1 3 9 5 4 8 
5 3 9 4 7 8 2 6 1 
2 1 7 3 9 6 4 8 5 
6 8 3 7 5 4 1 2 9 
9 5 4 2 8 1 7 3 6 
4 2 5 8 1 3 6 9 7 
3 9 6 5 4 7 8 1 2 
1 7 8 9 6 2 3 5 4 
Finished Trial #15
Time: 2.04434 s
Nodes expanded: 687612
8 4 1 6 2 5 9 7 3 
7 6 2 1 3 9 5 4 8 
5 3 9 4 7 8 2 6 1 
2 1 7 3 9 6 4 8 5 
6 8 3 7 5 4 1 2 9 
9 5 4 2 8 1 7 3 6 
4 2 5 8 1 3 6 9 7 
3 9 6 5 4 7 8 1 2 
1 7 8 9 6 2 3 5 4 
Finished Trial #16
Time: 0.173923 s
Nodes expanded: 64113
8 4 1 6 2 5 9 7 3 
7 6 2 1 3 9 5 4 8 
5 3 9 4 7 8 2 6 1 
2 1 7 3 9 6 4 8 5 
6 8 3 7 5 4 1 2 9 
9 5 4 2 8 1 7 3 6 
4 2 5 8 1 3 6 9 7 
3 9 6 5 4 7 8 1 2 
1 7 8 9 6 2 3 5 4 
Finished Trial #17
Time: 1.44643 s
Nodes expanded: 512980
8 4 1 6 2 5 9 7 3 
7 6 2 1 3 9 5 4 8 
5 3 9 4 7 8 2 6 1 
2 1 7 3 9 6 4 8 5 
6 8 3 7 5 4 1 2 9 
9 5 4 2 8 1 7 3 6 
4 2 5 8 1 3 6 9 7 
3 9 6 5 4 7 8 1 2 
1 7 8 9 6 2 3 5 4 
Finished Trial #18
Time: 8.64109 s
Nodes expanded: 3091305
8 4 1 6 2 5 9 7 3 
7 6 2 1 3 9 5 4 8 
5 3 9 4 7 8 2 6 1 
2 1 7 3 9 6 4 8 5 
6 8 3 7 5 4 1 2 9 
9 5 4 2 8 1 7 3 6 
4 2 5 8 1 3 6 9 7 
3 9 6 5 4 7 8 1 2 
1 7 8 9 6 2 3 5 4 
Finished Trial #19
Time: 0.555344 s
Nodes expanded: 192158
8 4 1 6 2 5 9 7 3 
7 6 2 1 3 9 5 4 8 
5 3 9 4 7 8 2 6 1 
2 1 7 3 9 6 4 8 5 
6 8 3 7 5 4 1 2 9 
9 5 4 2 8 1 7 3 6 
4 2 5 8 1 3 6 9 7 
3 9 6 5 4 7 8 1 2 
1 7 8 9 6 2 3 5 4 
Finished Trial #20
Time: 0.10598 s
Nodes expanded: 35541
8 4 1 6 2 5 9 7 3 
7 6 2 1 3 9 5 4 8 
5 3 9 4 7 8 2 6 1 
2 1 7 3 9 6 4 8 5 
6 8 3 7 5 4 1 2 9 
9 5 4 2 8 1 7 3 6 
4 2 5 8 1 3 6 9 7 
3 9 6 5 4 7 8 1 2 
1 7 8 9 6 2 3 5 4 
Finished Trial #21
Time: 2.51872 s
Nodes expanded: 843294
8 4 1 6 2 5 9 7 3 
7 6 2 1 3 9 5 4 8 
5 3 9 4 7 8 2 6 1 
2 1 7 3 9 6 4 8 5 
6 8 3 7 5 4 1 2 9 
9 5 4 2 8 1 7 3 6 
4 2 5 8 1 3 6 9 7 
3 9 6 5 4 7 8 1 2 
1 7 8 9 6 2 3 5 4 
Finished Trial #22
Time: 2.02438 s
Nodes expanded: 700670
8 4 1 6 2 5 9 7 3 
7 6 2 1 3 9 5 4 8 
5 3 9 4 7 8 2 6 1 
2 1 7 3 9 6 4 8 5 
6 8 3 7 5 4 1 2 9 
9 5 4 2 8 1 7 3 6 
4 2 5 8 1 3 6 9 7 
3 9 6 5 4 7 8 1 2 
1 7 8 9 6 2 3 5 4 
Finished Trial #23
Time: 0.238705 s
Nodes expanded: 75889
8 4 1 6 2 5 9 7 3 
7 6 2 1 3 9 5 4 8 
5 3 9 4 7 8 2 6 1 
2 1 7 3 9 6 4 8 5 
6 8 3 7 5 4 1 2 9 
9 5 4 2 8 1 7 3 6 
4 2 5 8 1 3 6 9 7 
3 9 6 5 4 7 8 1 2 
1 7 8 9 6 2 3 5 4 
Finished Trial #24
Time: 8.82791 s
Nodes expanded: 3011152
8 4 1 6 2 5 9 7 3 
7 6 2 1 3 9 5 4 8 
5 3 9 4 7 8 2 6 1 
2 1 7 3 9 6 4 8 5 
6 8 3 7 5 4 1 2 9 
9 5 4 2 8 1 7 3 6 
4 2 5 8 1 3 6 9 7 
3 9 6 5 4 7 8 1 2 
1 7 8 9 6 2 3 5 4 
Finished Trial #25
Time: 0.063995 s
Nodes expanded: 21623
8 4 1 6 2 5 9 7 3 
7 6 2 1 3 9 5 4 8 
5 3 9 4 7 8 2 6 1 
2 1 7 3 9 6 4 8 5 
6 8 3 7 5 4 1 2 9 
9 5 4 2 8 1 7 3 6 
4 2 5 8 1 3 6 9 7 
3 9 6 5 4 7 8 1 2 
1 7 8 9 6 2 3 5 4 
Finished Trial #26
Time: 1.5366 s
Nodes expanded: 523365
8 4 1 6 2 5 9 7 3 
7 6 2 1 3 9 5 4 8 
5 3 9 4 7 8 2 6 1 
2 1 7 3 9 6 4 8 5 
6 8 3 7 5 4 1 2 9 
9 5 4 2 8 1 7 3 6 
4 2 5 8 1 3 6 9 7 
3 9 6 5 4 7 8 1 2 
1 7 8 9 6 2 3 5 4 
Finished Trial #27
Time: 0.293285 s
Nodes expanded: 98134
8 4 1 6 2 5 9 7 3 
7 6 2 1 3 9 5 4 8 
5 3 9 4 7 8 2 6 1 
2 1 7 3 9 6 4 8 5 
6 8 3 7 5 4 1 2 9 
9 5 4 2 8 1 7 3 6 
4 2 5 8 1 3 6 9 7 
3 9 6 5 4 7 8 1 2 
1 7 8 9 6 2 3 5 4 
Finished Trial #28
Time: 0.208977 s
Nodes expanded: 73451
8 4 1 6 2 5 9 7 3 
7 6 2 1 3 9 5 4 8 
5 3 9 4 7 8 2 6 1 
2 1 7 3 9 6 4 8 5 
6 8 3 7 5 4 1 2 9 
9 5 4 2 8 1 7 3 6 
4 2 5 8 1 3 6 9 7 
3 9 6 5 4 7 8 1 2 
1 7 8 9 6 2 3 5 4 
Finished Trial #29
Time: 0.01332 s
Nodes expanded: 4613
8 4 1 6 2 5 9 7 3 
7 6 2 1 3 9 5 4 8 
5 3 9 4 7 8 2 6 1 
2 1 7 3 9 6 4 8 5 
6 8 3 7 5 4 1 2 9 
9 5 4 2 8 1 7 3 6 
4 2 5 8 1 3 6 9 7 
3 9 6 5 4 7 8 1 2 
1 7 8 9 6 2 3 5 4 
Finished Trial #30
Time: 1.59876 s
Nodes expanded: 535327
8 4 1 6 2 5 9 7 3 
7 6 2 1 3 9 5 4 8 
5 3 9 4 7 8 2 6 1 
2 1 7 3 9 6 4 8 5 
6 8 3 7 5 4 1 2 9 
9 5 4 2 8 1 7 3 6 
4 2 5 8 1 3 6 9 7 
3 9 6 5 4 7 8 1 2 
1 7 8 9 6 2 3 5 4 
Finished Trial #31
Time: 0.295385 s
Nodes expanded: 102944
8 4 1 6 2 5 9 7 3 
7 6 2 1 3 9 5 4 8 
5 3 9 4 7 8 2 6 1 
2 1 7 3 9 6 4 8 5 
6 8 3 7 5 4 1 2 9 
9 5 4 2 8 1 7 3 6 
4 2 5 8 1 3 6 9 7 
3 9 6 5 4 7 8 1 2 
1 7 8 9 6 2 3 5 4 
Finished Trial #32
Time: 1.02284 s
Nodes expanded: 341818
8 4 1 6 2 5 9 7 3 
7 6 2 1 3 9 5 4 8 
5 3 9 4 7 8 2 6 1 
2 1 7 3 9 6 4 8 5 
6 8 3 7 5 4 1 2 9 
9 5 4 2 8 1 7 3 6 
4 2 5 8 1 3 6 9 7 
3 9 6 5 4 7 8 1 2 
1 7 8 9 6 2 3 5 4 
Finished Trial #33
Time: 3.37871 s
Nodes expanded: 1075730
8 4 1 6 2 5 9 7 3 
7 6 2 1 3 9 5 4 8 
5 3 9 4 7 8 2 6 1 
2 1 7 3 9 6 4 8 5 
6 8 3 7 5 4 1 2 9 
9 5 4 2 8 1 7 3 6 
4 2 5 8 1 3 6 9 7 
3 9 6 5 4 7 8 1 2 
1 7 8 9 6 2 3 5 4 
Finished Trial #34
Time: 0.20233 s
Nodes expanded: 69831
8 4 1 6 2 5 9 7 3 
7 6 2 1 3 9 5 4 8 
5 3 9 4 7 8 2 6 1 
2 1 7 3 9 6 4 8 5 
6 8 3 7 5 4 1 2 9 
9 5 4 2 8 1 7 3 6 
4 2 5 8 1 3 6 9 7 
3 9 6 5 4 7 8 1 2 
1 7 8 9 6 2 3 5 4 
Finished Trial #35
Time: 1.62833 s
Nodes expanded: 578422
8 4 1 6 2 5 9 7 3 
7 6 2 1 3 9 5 4 8 
5 3 9 4 7 8 2 6 1 
2 1 7 3 9 6 4 8 5 
6 8 3 7 5 4 1 2 9 
9 5 4 2 8 1 7 3 6 
4 2 5 8 1 3 6 9 7 
3 9 6 5 4 7 8 1 2 
1 7 8 9 6 2 3 5 4 
Finished Trial #36
Time: 0.144189 s
Nodes expanded: 47469
8 4 1 6 2 5 9 7 3 
7 6 2 1 3 9 5 4 8 
5 3 9 4 7 8 2 6 1 
2 1 7 3 9 6 4 8 5 
6 8 3 7 5 4 1 2 9 
9 5 4 2 8 1 7 3 6 
4 2 5 8 1 3 6 9 7 
3 9 6 5 4 7 8 1 2 
1 7 8 9 6 2 3 5 4 
Finished Trial #37
Time: 0.071024 s
Nodes expanded: 24761
8 4 1 6 2 5 9 7 3 
7 6 2 1 3 9 5 4 8 
5 3 9 4 7 8 2 6 1 
2 1 7 3 9 6 4 8 5 
6 8 3 7 5 4 1 2 9 
9 5 4 2 8 1 7 3 6 
4 2 5 8 1 3 6 9 7 
3 9 6 5 4 7 8 1 2 
1 7 8 9 6 2 3 5 4 
Finished Trial #38
Time: 7.11815 s
Nodes expanded: 2447674
8 4 1 6 2 5 9 7 3 
7 6 2 1 3 9 5 4 8 
5 3 9 4 7 8 2 6 1 
2 1 7 3 9 6 4 8 5 
6 8 3 7 5 4 1 2 9 
9 5 4 2 8 1 7 3 6 
4 2 5 8 1 3 6 9 7 
3 9 6 5 4 7 8 1 2 
1 7 8 9 6 2 3 5 4 
Finished Trial #39
Time: 10.7945 s
Nodes expanded: 3687811
8 4 1 6 2 5 9 7 3 
7 6 2 1 3 9 5 4 8 
5 3 9 4 7 8 2 6 1 
2 1 7 3 9 6 4 8 5 
6 8 3 7 5 4 1 2 9 
9 5 4 2 8 1 7 3 6 
4 2 5 8 1 3 6 9 7 
3 9 6 5 4 7 8 1 2 
1 7 8 9 6 2 3 5 4 
Finished Trial #40
Time: 0.138745 s
Nodes expanded: 46492
8 4 1 6 2 5 9 7 3 
7 6 2 1 3 9 5 4 8 
5 3 9 4 7 8 2 6 1 
2 1 7 3 9 6 4 8 5 
6 8 3 7 5 4 1 2 9 
9 5 4 2 8 1 7 3 6 
4 2 5 8 1 3 6 9 7 
3 9 6 5 4 7 8 1 2 
1 7 8 9 6 2 3 5 4 
Finished Trial #41
Time: 4.4448 s
Nodes expanded: 1518325
8 4 1 6 2 5 9 7 3 
7 6 2 1 3 9 5 4 8 
5 3 9 4 7 8 2 6 1 
2 1 7 3 9 6 4 8 5 
6 8 3 7 5 4 1 2 9 
9 5 4 2 8 1 7 3 6 
4 2 5 8 1 3 6 9 7 
3 9 6 5 4 7 8 1 2 
1 7 8 9 6 2 3 5 4 
Finished Trial #42
Time: 1.51705 s
Nodes expanded: 521561
8 4 1 6 2 5 9 7 3 
7 6 2 1 3 9 5 4 8 
5 3 9 4 7 8 2 6 1 
2 1 7 3 9 6 4 8 5 
6 8 3 7 5 4 1 2 9 
9 5 4 2 8 1 7 3 6 
4 2 5 8 1 3 6 9 7 
3 9 6 5 4 7 8 1 2 
1 7 8 9 6 2 3 5 4 
Finished Trial #43
Time: 4.91512 s
Nodes expanded: 1718552
8 4 1 6 2 5 9 7 3 
7 6 2 1 3 9 5 4 8 
5 3 9 4 7 8 2 6 1 
2 1 7 3 9 6 4 8 5 
6 8 3 7 5 4 1 2 9 
9 5 4 2 8 1 7 3 6 
4 2 5 8 1 3 6 9 7 
3 9 6 5 4 7 8 1 2 
1 7 8 9 6 2 3 5 4 
Finished Trial #44
Time: 9.05625 s
Nodes expanded: 3142322
8 4 1 6 2 5 9 7 3 
7 6 2 1 3 9 5 4 8 
5 3 9 4 7 8 2 6 1 
2 1 7 3 9 6 4 8 5 
6 8 3 7 5 4 1 2 9 
9 5 4 2 8 1 7 3 6 
4 2 5 8 1 3 6 9 7 
3 9 6 5 4 7 8 1 2 
1 7 8 9 6 2 3 5 4 
Finished Trial #45
Time: 0.104786 s
Nodes expanded: 36875
8 4 1 6 2 5 9 7 3 
7 6 2 1 3 9 5 4 8 
5 3 9 4 7 8 2 6 1 
2 1 7 3 9 6 4 8 5 
6 8 3 7 5 4 1 2 9 
9 5 4 2 8 1 7 3 6 
4 2 5 8 1 3 6 9 7 
3 9 6 5 4 7 8 1 2 
1 7 8 9 6 2 3 5 4 
Finished Trial #46
Time: 5.83453 s
Nodes expanded: 1983925
8 4 1 6 2 5 9 7 3 
7 6 2 1 3 9 5 4 8 
5 3 9 4 7 8 2 6 1 
2 1 7 3 9 6 4 8 5 
6 8 3 7 5 4 1 2 9 
9 5 4 2 8 1 7 3 6 
4 2 5 8 1 3 6 9 7 
3 9 6 5 4 7 8 1 2 
1 7 8 9 6 2 3 5 4 
Finished Trial #47
Time: 10.0673 s
Nodes expanded: 3452305
8 4 1 6 2 5 9 7 3 
7 6 2 1 3 9 5 4 8 
5 3 9 4 7 8 2 6 1 
2 1 7 3 9 6 4 8 5 
6 8 3 7 5 4 1 2 9 
9 5 4 2 8 1 7 3 6 
4 2 5 8 1 3 6 9 7 
3 9 6 5 4 7 8 1 2 
1 7 8 9 6 2 3 5 4 
Finished Trial #48
Time: 0.295713 s
Nodes expanded: 103347
8 4 1 6 2 5 9 7 3 
7 6 2 1 3 9 5 4 8 
5 3 9 4 7 8 2 6 1 
2 1 7 3 9 6 4 8 5 
6 8 3 7 5 4 1 2 9 
9 5 4 2 8 1 7 3 6 
4 2 5 8 1 3 6 9 7 
3 9 6 5 4 7 8 1 2 
1 7 8 9 6 2 3 5 4 
Finished Trial #49
Time: 1.75732 s
Nodes expanded: 595393
********************************************
Finished! Average runtime 2.18497 s Std Dev: 2.88433
Average Nodes Expanded 749738 Std Dev: 994840
