Difficulty = 2 numTrials = 50 method = 2
8 4 1 6 2 5 9 7 3 
7 6 2 1 3 9 5 4 8 
5 3 9 4 7 8 2 6 1 
2 1 7 3 9 6 4 8 5 
6 8 3 7 5 4 1 2 9 
9 5 4 2 8 1 7 3 6 
4 2 5 8 1 3 6 9 7 
3 9 6 5 4 7 8 1 2 
1 7 8 9 6 2 3 5 4 
Finished Trial #0
Time: 0.001273 s
Nodes expanded: 95
8 4 1 6 2 5 9 7 3 
7 6 2 1 3 9 5 4 8 
5 3 9 4 7 8 2 6 1 
2 1 7 3 9 6 4 8 5 
6 8 3 7 5 4 1 2 9 
9 5 4 2 8 1 7 3 6 
4 2 5 8 1 3 6 9 7 
3 9 6 5 4 7 8 1 2 
1 7 8 9 6 2 3 5 4 
Finished Trial #1
Time: 0.00282 s
Nodes expanded: 184
8 4 1 6 2 5 9 7 3 
7 6 2 1 3 9 5 4 8 
5 3 9 4 7 8 2 6 1 
2 1 7 3 9 6 4 8 5 
6 8 3 7 5 4 1 2 9 
9 5 4 2 8 1 7 3 6 
4 2 5 8 1 3 6 9 7 
3 9 6 5 4 7 8 1 2 
1 7 8 9 6 2 3 5 4 
Finished Trial #2
Time: 0.000779 s
Nodes expanded: 67
8 4 1 6 2 5 9 7 3 
7 6 2 1 3 9 5 4 8 
5 3 9 4 7 8 2 6 1 
2 1 7 3 9 6 4 8 5 
6 8 3 7 5 4 1 2 9 
9 5 4 2 8 1 7 3 6 
4 2 5 8 1 3 6 9 7 
3 9 6 5 4 7 8 1 2 
1 7 8 9 6 2 3 5 4 
Finished Trial #3
Time: 0.001403 s
Nodes expanded: 242
8 4 1 6 2 5 9 7 3 
7 6 2 1 3 9 5 4 8 
5 3 9 4 7 8 2 6 1 
2 1 7 3 9 6 4 8 5 
6 8 3 7 5 4 1 2 9 
9 5 4 2 8 1 7 3 6 
4 2 5 8 1 3 6 9 7 
3 9 6 5 4 7 8 1 2 
1 7 8 9 6 2 3 5 4 
Finished Trial #4
Time: 0.000305 s
Nodes expanded: 54
8 4 1 6 2 5 9 7 3 
7 6 2 1 3 9 5 4 8 
5 3 9 4 7 8 2 6 1 
2 1 7 3 9 6 4 8 5 
6 8 3 7 5 4 1 2 9 
9 5 4 2 8 1 7 3 6 
4 2 5 8 1 3 6 9 7 
3 9 6 5 4 7 8 1 2 
1 7 8 9 6 2 3 5 4 
Finished Trial #5
Time: 0.000428 s
Nodes expanded: 71
8 4 1 6 2 5 9 7 3 
7 6 2 1 3 9 5 4 8 
5 3 9 4 7 8 2 6 1 
2 1 7 3 9 6 4 8 5 
6 8 3 7 5 4 1 2 9 
9 5 4 2 8 1 7 3 6 
4 2 5 8 1 3 6 9 7 
3 9 6 5 4 7 8 1 2 
1 7 8 9 6 2 3 5 4 
Finished Trial #6
Time: 0.00102 s
Nodes expanded: 171
8 4 1 6 2 5 9 7 3 
7 6 2 1 3 9 5 4 8 
5 3 9 4 7 8 2 6 1 
2 1 7 3 9 6 4 8 5 
6 8 3 7 5 4 1 2 9 
9 5 4 2 8 1 7 3 6 
4 2 5 8 1 3 6 9 7 
3 9 6 5 4 7 8 1 2 
1 7 8 9 6 2 3 5 4 
Finished Trial #7
Time: 0.000407 s
Nodes expanded: 75
8 4 1 6 2 5 9 7 3 
7 6 2 1 3 9 5 4 8 
5 3 9 4 7 8 2 6 1 
2 1 7 3 9 6 4 8 5 
6 8 3 7 5 4 1 2 9 
9 5 4 2 8 1 7 3 6 
4 2 5 8 1 3 6 9 7 
3 9 6 5 4 7 8 1 2 
1 7 8 9 6 2 3 5 4 
Finished Trial #8
Time: 0.000429 s
Nodes expanded: 75
8 4 1 6 2 5 9 7 3 
7 6 2 1 3 9 5 4 8 
5 3 9 4 7 8 2 6 1 
2 1 7 3 9 6 4 8 5 
6 8 3 7 5 4 1 2 9 
9 5 4 2 8 1 7 3 6 
4 2 5 8 1 3 6 9 7 
3 9 6 5 4 7 8 1 2 
1 7 8 9 6 2 3 5 4 
Finished Trial #9
Time: 0.000809 s
Nodes expanded: 137
8 4 1 6 2 5 9 7 3 
7 6 2 1 3 9 5 4 8 
5 3 9 4 7 8 2 6 1 
2 1 7 3 9 6 4 8 5 
6 8 3 7 5 4 1 2 9 
9 5 4 2 8 1 7 3 6 
4 2 5 8 1 3 6 9 7 
3 9 6 5 4 7 8 1 2 
1 7 8 9 6 2 3 5 4 
Finished Trial #10
Time: 0.000634 s
Nodes expanded: 104
8 4 1 6 2 5 9 7 3 
7 6 2 1 3 9 5 4 8 
5 3 9 4 7 8 2 6 1 
2 1 7 3 9 6 4 8 5 
6 8 3 7 5 4 1 2 9 
9 5 4 2 8 1 7 3 6 
4 2 5 8 1 3 6 9 7 
3 9 6 5 4 7 8 1 2 
1 7 8 9 6 2 3 5 4 
Finished Trial #11
Time: 0.000414 s
Nodes expanded: 71
8 4 1 6 2 5 9 7 3 
7 6 2 1 3 9 5 4 8 
5 3 9 4 7 8 2 6 1 
2 1 7 3 9 6 4 8 5 
6 8 3 7 5 4 1 2 9 
9 5 4 2 8 1 7 3 6 
4 2 5 8 1 3 6 9 7 
3 9 6 5 4 7 8 1 2 
1 7 8 9 6 2 3 5 4 
Finished Trial #12
Time: 0.001044 s
Nodes expanded: 165
8 4 1 6 2 5 9 7 3 
7 6 2 1 3 9 5 4 8 
5 3 9 4 7 8 2 6 1 
2 1 7 3 9 6 4 8 5 
6 8 3 7 5 4 1 2 9 
9 5 4 2 8 1 7 3 6 
4 2 5 8 1 3 6 9 7 
3 9 6 5 4 7 8 1 2 
1 7 8 9 6 2 3 5 4 
Finished Trial #13
Time: 0.000687 s
Nodes expanded: 117
8 4 1 6 2 5 9 7 3 
7 6 2 1 3 9 5 4 8 
5 3 9 4 7 8 2 6 1 
2 1 7 3 9 6 4 8 5 
6 8 3 7 5 4 1 2 9 
9 5 4 2 8 1 7 3 6 
4 2 5 8 1 3 6 9 7 
3 9 6 5 4 7 8 1 2 
1 7 8 9 6 2 3 5 4 
Finished Trial #14
Time: 0.000729 s
Nodes expanded: 128
8 4 1 6 2 5 9 7 3 
7 6 2 1 3 9 5 4 8 
5 3 9 4 7 8 2 6 1 
2 1 7 3 9 6 4 8 5 
6 8 3 7 5 4 1 2 9 
9 5 4 2 8 1 7 3 6 
4 2 5 8 1 3 6 9 7 
3 9 6 5 4 7 8 1 2 
1 7 8 9 6 2 3 5 4 
Finished Trial #15
Time: 0.001103 s
Nodes expanded: 177
8 4 1 6 2 5 9 7 3 
7 6 2 1 3 9 5 4 8 
5 3 9 4 7 8 2 6 1 
2 1 7 3 9 6 4 8 5 
6 8 3 7 5 4 1 2 9 
9 5 4 2 8 1 7 3 6 
4 2 5 8 1 3 6 9 7 
3 9 6 5 4 7 8 1 2 
1 7 8 9 6 2 3 5 4 
Finished Trial #16
Time: 0.000583 s
Nodes expanded: 95
8 4 1 6 2 5 9 7 3 
7 6 2 1 3 9 5 4 8 
5 3 9 4 7 8 2 6 1 
2 1 7 3 9 6 4 8 5 
6 8 3 7 5 4 1 2 9 
9 5 4 2 8 1 7 3 6 
4 2 5 8 1 3 6 9 7 
3 9 6 5 4 7 8 1 2 
1 7 8 9 6 2 3 5 4 
Finished Trial #17
Time: 0.000896 s
Nodes expanded: 143
8 4 1 6 2 5 9 7 3 
7 6 2 1 3 9 5 4 8 
5 3 9 4 7 8 2 6 1 
2 1 7 3 9 6 4 8 5 
6 8 3 7 5 4 1 2 9 
9 5 4 2 8 1 7 3 6 
4 2 5 8 1 3 6 9 7 
3 9 6 5 4 7 8 1 2 
1 7 8 9 6 2 3 5 4 
Finished Trial #18
Time: 0.000636 s
Nodes expanded: 111
8 4 1 6 2 5 9 7 3 
7 6 2 1 3 9 5 4 8 
5 3 9 4 7 8 2 6 1 
2 1 7 3 9 6 4 8 5 
6 8 3 7 5 4 1 2 9 
9 5 4 2 8 1 7 3 6 
4 2 5 8 1 3 6 9 7 
3 9 6 5 4 7 8 1 2 
1 7 8 9 6 2 3 5 4 
Finished Trial #19
Time: 0.00087 s
Nodes expanded: 146
8 4 1 6 2 5 9 7 3 
7 6 2 1 3 9 5 4 8 
5 3 9 4 7 8 2 6 1 
2 1 7 3 9 6 4 8 5 
6 8 3 7 5 4 1 2 9 
9 5 4 2 8 1 7 3 6 
4 2 5 8 1 3 6 9 7 
3 9 6 5 4 7 8 1 2 
1 7 8 9 6 2 3 5 4 
Finished Trial #20
Time: 0.000682 s
Nodes expanded: 122
8 4 1 6 2 5 9 7 3 
7 6 2 1 3 9 5 4 8 
5 3 9 4 7 8 2 6 1 
2 1 7 3 9 6 4 8 5 
6 8 3 7 5 4 1 2 9 
9 5 4 2 8 1 7 3 6 
4 2 5 8 1 3 6 9 7 
3 9 6 5 4 7 8 1 2 
1 7 8 9 6 2 3 5 4 
Finished Trial #21
Time: 0.001312 s
Nodes expanded: 225
8 4 1 6 2 5 9 7 3 
7 6 2 1 3 9 5 4 8 
5 3 9 4 7 8 2 6 1 
2 1 7 3 9 6 4 8 5 
6 8 3 7 5 4 1 2 9 
9 5 4 2 8 1 7 3 6 
4 2 5 8 1 3 6 9 7 
3 9 6 5 4 7 8 1 2 
1 7 8 9 6 2 3 5 4 
Finished Trial #22
Time: 0.001412 s
Nodes expanded: 247
8 4 1 6 2 5 9 7 3 
7 6 2 1 3 9 5 4 8 
5 3 9 4 7 8 2 6 1 
2 1 7 3 9 6 4 8 5 
6 8 3 7 5 4 1 2 9 
9 5 4 2 8 1 7 3 6 
4 2 5 8 1 3 6 9 7 
3 9 6 5 4 7 8 1 2 
1 7 8 9 6 2 3 5 4 
Finished Trial #23
Time: 0.001564 s
Nodes expanded: 269
8 4 1 6 2 5 9 7 3 
7 6 2 1 3 9 5 4 8 
5 3 9 4 7 8 2 6 1 
2 1 7 3 9 6 4 8 5 
6 8 3 7 5 4 1 2 9 
9 5 4 2 8 1 7 3 6 
4 2 5 8 1 3 6 9 7 
3 9 6 5 4 7 8 1 2 
1 7 8 9 6 2 3 5 4 
Finished Trial #24
Time: 0.00064 s
Nodes expanded: 113
8 4 1 6 2 5 9 7 3 
7 6 2 1 3 9 5 4 8 
5 3 9 4 7 8 2 6 1 
2 1 7 3 9 6 4 8 5 
6 8 3 7 5 4 1 2 9 
9 5 4 2 8 1 7 3 6 
4 2 5 8 1 3 6 9 7 
3 9 6 5 4 7 8 1 2 
1 7 8 9 6 2 3 5 4 
Finished Trial #25
Time: 0.00034 s
Nodes expanded: 66
8 4 1 6 2 5 9 7 3 
7 6 2 1 3 9 5 4 8 
5 3 9 4 7 8 2 6 1 
2 1 7 3 9 6 4 8 5 
6 8 3 7 5 4 1 2 9 
9 5 4 2 8 1 7 3 6 
4 2 5 8 1 3 6 9 7 
3 9 6 5 4 7 8 1 2 
1 7 8 9 6 2 3 5 4 
Finished Trial #26
Time: 0.00029 s
Nodes expanded: 58
8 4 1 6 2 5 9 7 3 
7 6 2 1 3 9 5 4 8 
5 3 9 4 7 8 2 6 1 
2 1 7 3 9 6 4 8 5 
6 8 3 7 5 4 1 2 9 
9 5 4 2 8 1 7 3 6 
4 2 5 8 1 3 6 9 7 
3 9 6 5 4 7 8 1 2 
1 7 8 9 6 2 3 5 4 
Finished Trial #27
Time: 0.001508 s
Nodes expanded: 228
8 4 1 6 2 5 9 7 3 
7 6 2 1 3 9 5 4 8 
5 3 9 4 7 8 2 6 1 
2 1 7 3 9 6 4 8 5 
6 8 3 7 5 4 1 2 9 
9 5 4 2 8 1 7 3 6 
4 2 5 8 1 3 6 9 7 
3 9 6 5 4 7 8 1 2 
1 7 8 9 6 2 3 5 4 
Finished Trial #28
Time: 0.000971 s
Nodes expanded: 154
8 4 1 6 2 5 9 7 3 
7 6 2 1 3 9 5 4 8 
5 3 9 4 7 8 2 6 1 
2 1 7 3 9 6 4 8 5 
6 8 3 7 5 4 1 2 9 
9 5 4 2 8 1 7 3 6 
4 2 5 8 1 3 6 9 7 
3 9 6 5 4 7 8 1 2 
1 7 8 9 6 2 3 5 4 
Finished Trial #29
Time: 0.001144 s
Nodes expanded: 188
8 4 1 6 2 5 9 7 3 
7 6 2 1 3 9 5 4 8 
5 3 9 4 7 8 2 6 1 
2 1 7 3 9 6 4 8 5 
6 8 3 7 5 4 1 2 9 
9 5 4 2 8 1 7 3 6 
4 2 5 8 1 3 6 9 7 
3 9 6 5 4 7 8 1 2 
1 7 8 9 6 2 3 5 4 
Finished Trial #30
Time: 0.000314 s
Nodes expanded: 61
8 4 1 6 2 5 9 7 3 
7 6 2 1 3 9 5 4 8 
5 3 9 4 7 8 2 6 1 
2 1 7 3 9 6 4 8 5 
6 8 3 7 5 4 1 2 9 
9 5 4 2 8 1 7 3 6 
4 2 5 8 1 3 6 9 7 
3 9 6 5 4 7 8 1 2 
1 7 8 9 6 2 3 5 4 
Finished Trial #31
Time: 0.000768 s
Nodes expanded: 136
8 4 1 6 2 5 9 7 3 
7 6 2 1 3 9 5 4 8 
5 3 9 4 7 8 2 6 1 
2 1 7 3 9 6 4 8 5 
6 8 3 7 5 4 1 2 9 
9 5 4 2 8 1 7 3 6 
4 2 5 8 1 3 6 9 7 
3 9 6 5 4 7 8 1 2 
1 7 8 9 6 2 3 5 4 
Finished Trial #32
Time: 0.002735 s
Nodes expanded: 442
8 4 1 6 2 5 9 7 3 
7 6 2 1 3 9 5 4 8 
5 3 9 4 7 8 2 6 1 
2 1 7 3 9 6 4 8 5 
6 8 3 7 5 4 1 2 9 
9 5 4 2 8 1 7 3 6 
4 2 5 8 1 3 6 9 7 
3 9 6 5 4 7 8 1 2 
1 7 8 9 6 2 3 5 4 
Finished Trial #33
Time: 0.001015 s
Nodes expanded: 157
8 4 1 6 2 5 9 7 3 
7 6 2 1 3 9 5 4 8 
5 3 9 4 7 8 2 6 1 
2 1 7 3 9 6 4 8 5 
6 8 3 7 5 4 1 2 9 
9 5 4 2 8 1 7 3 6 
4 2 5 8 1 3 6 9 7 
3 9 6 5 4 7 8 1 2 
1 7 8 9 6 2 3 5 4 
Finished Trial #34
Time: 0.000564 s
Nodes expanded: 93
8 4 1 6 2 5 9 7 3 
7 6 2 1 3 9 5 4 8 
5 3 9 4 7 8 2 6 1 
2 1 7 3 9 6 4 8 5 
6 8 3 7 5 4 1 2 9 
9 5 4 2 8 1 7 3 6 
4 2 5 8 1 3 6 9 7 
3 9 6 5 4 7 8 1 2 
1 7 8 9 6 2 3 5 4 
Finished Trial #35
Time: 0.000384 s
Nodes expanded: 68
8 4 1 6 2 5 9 7 3 
7 6 2 1 3 9 5 4 8 
5 3 9 4 7 8 2 6 1 
2 1 7 3 9 6 4 8 5 
6 8 3 7 5 4 1 2 9 
9 5 4 2 8 1 7 3 6 
4 2 5 8 1 3 6 9 7 
3 9 6 5 4 7 8 1 2 
1 7 8 9 6 2 3 5 4 
Finished Trial #36
Time: 0.001439 s
Nodes expanded: 228
8 4 1 6 2 5 9 7 3 
7 6 2 1 3 9 5 4 8 
5 3 9 4 7 8 2 6 1 
2 1 7 3 9 6 4 8 5 
6 8 3 7 5 4 1 2 9 
9 5 4 2 8 1 7 3 6 
4 2 5 8 1 3 6 9 7 
3 9 6 5 4 7 8 1 2 
1 7 8 9 6 2 3 5 4 
Finished Trial #37
Time: 0.000454 s
Nodes expanded: 87
8 4 1 6 2 5 9 7 3 
7 6 2 1 3 9 5 4 8 
5 3 9 4 7 8 2 6 1 
2 1 7 3 9 6 4 8 5 
6 8 3 7 5 4 1 2 9 
9 5 4 2 8 1 7 3 6 
4 2 5 8 1 3 6 9 7 
3 9 6 5 4 7 8 1 2 
1 7 8 9 6 2 3 5 4 
Finished Trial #38
Time: 0.000783 s
Nodes expanded: 123
8 4 1 6 2 5 9 7 3 
7 6 2 1 3 9 5 4 8 
5 3 9 4 7 8 2 6 1 
2 1 7 3 9 6 4 8 5 
6 8 3 7 5 4 1 2 9 
9 5 4 2 8 1 7 3 6 
4 2 5 8 1 3 6 9 7 
3 9 6 5 4 7 8 1 2 
1 7 8 9 6 2 3 5 4 
Finished Trial #39
Time: 0.001833 s
Nodes expanded: 283
8 4 1 6 2 5 9 7 3 
7 6 2 1 3 9 5 4 8 
5 3 9 4 7 8 2 6 1 
2 1 7 3 9 6 4 8 5 
6 8 3 7 5 4 1 2 9 
9 5 4 2 8 1 7 3 6 
4 2 5 8 1 3 6 9 7 
3 9 6 5 4 7 8 1 2 
1 7 8 9 6 2 3 5 4 
Finished Trial #40
Time: 0.000771 s
Nodes expanded: 124
8 4 1 6 2 5 9 7 3 
7 6 2 1 3 9 5 4 8 
5 3 9 4 7 8 2 6 1 
2 1 7 3 9 6 4 8 5 
6 8 3 7 5 4 1 2 9 
9 5 4 2 8 1 7 3 6 
4 2 5 8 1 3 6 9 7 
3 9 6 5 4 7 8 1 2 
1 7 8 9 6 2 3 5 4 
Finished Trial #41
Time: 0.001909 s
Nodes expanded: 303
8 4 1 6 2 5 9 7 3 
7 6 2 1 3 9 5 4 8 
5 3 9 4 7 8 2 6 1 
2 1 7 3 9 6 4 8 5 
6 8 3 7 5 4 1 2 9 
9 5 4 2 8 1 7 3 6 
4 2 5 8 1 3 6 9 7 
3 9 6 5 4 7 8 1 2 
1 7 8 9 6 2 3 5 4 
Finished Trial #42
Time: 0.000504 s
Nodes expanded: 83
8 4 1 6 2 5 9 7 3 
7 6 2 1 3 9 5 4 8 
5 3 9 4 7 8 2 6 1 
2 1 7 3 9 6 4 8 5 
6 8 3 7 5 4 1 2 9 
9 5 4 2 8 1 7 3 6 
4 2 5 8 1 3 6 9 7 
3 9 6 5 4 7 8 1 2 
1 7 8 9 6 2 3 5 4 
Finished Trial #43
Time: 0.000867 s
Nodes expanded: 150
8 4 1 6 2 5 9 7 3 
7 6 2 1 3 9 5 4 8 
5 3 9 4 7 8 2 6 1 
2 1 7 3 9 6 4 8 5 
6 8 3 7 5 4 1 2 9 
9 5 4 2 8 1 7 3 6 
4 2 5 8 1 3 6 9 7 
3 9 6 5 4 7 8 1 2 
1 7 8 9 6 2 3 5 4 
Finished Trial #44
Time: 0.00282 s
Nodes expanded: 456
8 4 1 6 2 5 9 7 3 
7 6 2 1 3 9 5 4 8 
5 3 9 4 7 8 2 6 1 
2 1 7 3 9 6 4 8 5 
6 8 3 7 5 4 1 2 9 
9 5 4 2 8 1 7 3 6 
4 2 5 8 1 3 6 9 7 
3 9 6 5 4 7 8 1 2 
1 7 8 9 6 2 3 5 4 
Finished Trial #45
Time: 0.0006 s
Nodes expanded: 98
8 4 1 6 2 5 9 7 3 
7 6 2 1 3 9 5 4 8 
5 3 9 4 7 8 2 6 1 
2 1 7 3 9 6 4 8 5 
6 8 3 7 5 4 1 2 9 
9 5 4 2 8 1 7 3 6 
4 2 5 8 1 3 6 9 7 
3 9 6 5 4 7 8 1 2 
1 7 8 9 6 2 3 5 4 
Finished Trial #46
Time: 0.000669 s
Nodes expanded: 113
8 4 1 6 2 5 9 7 3 
7 6 2 1 3 9 5 4 8 
5 3 9 4 7 8 2 6 1 
2 1 7 3 9 6 4 8 5 
6 8 3 7 5 4 1 2 9 
9 5 4 2 8 1 7 3 6 
4 2 5 8 1 3 6 9 7 
3 9 6 5 4 7 8 1 2 
1 7 8 9 6 2 3 5 4 
Finished Trial #47
Time: 0.001109 s
Nodes expanded: 171
8 4 1 6 2 5 9 7 3 
7 6 2 1 3 9 5 4 8 
5 3 9 4 7 8 2 6 1 
2 1 7 3 9 6 4 8 5 
6 8 3 7 5 4 1 2 9 
9 5 4 2 8 1 7 3 6 
4 2 5 8 1 3 6 9 7 
3 9 6 5 4 7 8 1 2 
1 7 8 9 6 2 3 5 4 
Finished Trial #48
Time: 0.000831 s
Nodes expanded: 137
8 4 1 6 2 5 9 7 3 
7 6 2 1 3 9 5 4 8 
5 3 9 4 7 8 2 6 1 
2 1 7 3 9 6 4 8 5 
6 8 3 7 5 4 1 2 9 
9 5 4 2 8 1 7 3 6 
4 2 5 8 1 3 6 9 7 
3 9 6 5 4 7 8 1 2 
1 7 8 9 6 2 3 5 4 
Finished Trial #49
Time: 0.000788 s
Nodes expanded: 128
********************************************
Finished! Average runtime 0.00096578 s Std Dev: 0.000604005
Average Nodes Expanded 150.78 Std Dev: 86.7155
