Difficulty = 1 numTrials = 50 method = 1
5 4 8 6 1 3 7 2 9 
3 2 9 4 5 7 8 6 1 
1 6 7 8 9 2 5 4 3 
6 7 5 9 2 1 4 3 8 
4 3 2 5 7 8 9 1 6 
8 9 1 3 6 4 2 5 7 
9 8 3 1 4 5 6 7 2 
2 5 6 7 3 9 1 8 4 
7 1 4 2 8 6 3 9 5 
Finished Trial #0
Time: 0.228057 s
Nodes expanded: 77846
5 4 8 6 1 3 7 2 9 
3 2 9 4 5 7 8 6 1 
1 6 7 8 9 2 5 4 3 
6 7 5 9 2 1 4 3 8 
4 3 2 5 7 8 9 1 6 
8 9 1 3 6 4 2 5 7 
9 8 3 1 4 5 6 7 2 
2 5 6 7 3 9 1 8 4 
7 1 4 2 8 6 3 9 5 
Finished Trial #1
Time: 0.140493 s
Nodes expanded: 48683
5 4 8 6 1 3 7 2 9 
3 2 9 4 5 7 8 6 1 
1 6 7 8 9 2 5 4 3 
6 7 5 9 2 1 4 3 8 
4 3 2 5 7 8 9 1 6 
8 9 1 3 6 4 2 5 7 
9 8 3 1 4 5 6 7 2 
2 5 6 7 3 9 1 8 4 
7 1 4 2 8 6 3 9 5 
Finished Trial #2
Time: 3.87168 s
Nodes expanded: 1290870
5 4 8 6 1 3 7 2 9 
3 2 9 4 5 7 8 6 1 
1 6 7 8 9 2 5 4 3 
6 7 5 9 2 1 4 3 8 
4 3 2 5 7 8 9 1 6 
8 9 1 3 6 4 2 5 7 
9 8 3 1 4 5 6 7 2 
2 5 6 7 3 9 1 8 4 
7 1 4 2 8 6 3 9 5 
Finished Trial #3
Time: 3.28169 s
Nodes expanded: 1184910
5 4 8 6 1 3 7 2 9 
3 2 9 4 5 7 8 6 1 
1 6 7 8 9 2 5 4 3 
6 7 5 9 2 1 4 3 8 
4 3 2 5 7 8 9 1 6 
8 9 1 3 6 4 2 5 7 
9 8 3 1 4 5 6 7 2 
2 5 6 7 3 9 1 8 4 
7 1 4 2 8 6 3 9 5 
Finished Trial #4
Time: 0.707724 s
Nodes expanded: 246882
5 4 8 6 1 3 7 2 9 
3 2 9 4 5 7 8 6 1 
1 6 7 8 9 2 5 4 3 
6 7 5 9 2 1 4 3 8 
4 3 2 5 7 8 9 1 6 
8 9 1 3 6 4 2 5 7 
9 8 3 1 4 5 6 7 2 
2 5 6 7 3 9 1 8 4 
7 1 4 2 8 6 3 9 5 
Finished Trial #5
Time: 0.003229 s
Nodes expanded: 1169
5 4 8 6 1 3 7 2 9 
3 2 9 4 5 7 8 6 1 
1 6 7 8 9 2 5 4 3 
6 7 5 9 2 1 4 3 8 
4 3 2 5 7 8 9 1 6 
8 9 1 3 6 4 2 5 7 
9 8 3 1 4 5 6 7 2 
2 5 6 7 3 9 1 8 4 
7 1 4 2 8 6 3 9 5 
Finished Trial #6
Time: 0.269772 s
Nodes expanded: 98242
5 4 8 6 1 3 7 2 9 
3 2 9 4 5 7 8 6 1 
1 6 7 8 9 2 5 4 3 
6 7 5 9 2 1 4 3 8 
4 3 2 5 7 8 9 1 6 
8 9 1 3 6 4 2 5 7 
9 8 3 1 4 5 6 7 2 
2 5 6 7 3 9 1 8 4 
7 1 4 2 8 6 3 9 5 
Finished Trial #7
Time: 0.245859 s
Nodes expanded: 84636
5 4 8 6 1 3 7 2 9 
3 2 9 4 5 7 8 6 1 
1 6 7 8 9 2 5 4 3 
6 7 5 9 2 1 4 3 8 
4 3 2 5 7 8 9 1 6 
8 9 1 3 6 4 2 5 7 
9 8 3 1 4 5 6 7 2 
2 5 6 7 3 9 1 8 4 
7 1 4 2 8 6 3 9 5 
Finished Trial #8
Time: 0.75923 s
Nodes expanded: 266090
5 4 8 6 1 3 7 2 9 
3 2 9 4 5 7 8 6 1 
1 6 7 8 9 2 5 4 3 
6 7 5 9 2 1 4 3 8 
4 3 2 5 7 8 9 1 6 
8 9 1 3 6 4 2 5 7 
9 8 3 1 4 5 6 7 2 
2 5 6 7 3 9 1 8 4 
7 1 4 2 8 6 3 9 5 
Finished Trial #9
Time: 0.097553 s
Nodes expanded: 34341
5 4 8 6 1 3 7 2 9 
3 2 9 4 5 7 8 6 1 
1 6 7 8 9 2 5 4 3 
6 7 5 9 2 1 4 3 8 
4 3 2 5 7 8 9 1 6 
8 9 1 3 6 4 2 5 7 
9 8 3 1 4 5 6 7 2 
2 5 6 7 3 9 1 8 4 
7 1 4 2 8 6 3 9 5 
Finished Trial #10
Time: 0.093186 s
Nodes expanded: 32798
5 4 8 6 1 3 7 2 9 
3 2 9 4 5 7 8 6 1 
1 6 7 8 9 2 5 4 3 
6 7 5 9 2 1 4 3 8 
4 3 2 5 7 8 9 1 6 
8 9 1 3 6 4 2 5 7 
9 8 3 1 4 5 6 7 2 
2 5 6 7 3 9 1 8 4 
7 1 4 2 8 6 3 9 5 
Finished Trial #11
Time: 0.20298 s
Nodes expanded: 69413
5 4 8 6 1 3 7 2 9 
3 2 9 4 5 7 8 6 1 
1 6 7 8 9 2 5 4 3 
6 7 5 9 2 1 4 3 8 
4 3 2 5 7 8 9 1 6 
8 9 1 3 6 4 2 5 7 
9 8 3 1 4 5 6 7 2 
2 5 6 7 3 9 1 8 4 
7 1 4 2 8 6 3 9 5 
Finished Trial #12
Time: 0.700959 s
Nodes expanded: 243511
5 4 8 6 1 3 7 2 9 
3 2 9 4 5 7 8 6 1 
1 6 7 8 9 2 5 4 3 
6 7 5 9 2 1 4 3 8 
4 3 2 5 7 8 9 1 6 
8 9 1 3 6 4 2 5 7 
9 8 3 1 4 5 6 7 2 
2 5 6 7 3 9 1 8 4 
7 1 4 2 8 6 3 9 5 
Finished Trial #13
Time: 0.00557 s
Nodes expanded: 2079
5 4 8 6 1 3 7 2 9 
3 2 9 4 5 7 8 6 1 
1 6 7 8 9 2 5 4 3 
6 7 5 9 2 1 4 3 8 
4 3 2 5 7 8 9 1 6 
8 9 1 3 6 4 2 5 7 
9 8 3 1 4 5 6 7 2 
2 5 6 7 3 9 1 8 4 
7 1 4 2 8 6 3 9 5 
Finished Trial #14
Time: 2.31336 s
Nodes expanded: 802327
5 4 8 6 1 3 7 2 9 
3 2 9 4 5 7 8 6 1 
1 6 7 8 9 2 5 4 3 
6 7 5 9 2 1 4 3 8 
4 3 2 5 7 8 9 1 6 
8 9 1 3 6 4 2 5 7 
9 8 3 1 4 5 6 7 2 
2 5 6 7 3 9 1 8 4 
7 1 4 2 8 6 3 9 5 
Finished Trial #15
Time: 0.100693 s
Nodes expanded: 36144
5 4 8 6 1 3 7 2 9 
3 2 9 4 5 7 8 6 1 
1 6 7 8 9 2 5 4 3 
6 7 5 9 2 1 4 3 8 
4 3 2 5 7 8 9 1 6 
8 9 1 3 6 4 2 5 7 
9 8 3 1 4 5 6 7 2 
2 5 6 7 3 9 1 8 4 
7 1 4 2 8 6 3 9 5 
Finished Trial #16
Time: 0.539004 s
Nodes expanded: 194614
5 4 8 6 1 3 7 2 9 
3 2 9 4 5 7 8 6 1 
1 6 7 8 9 2 5 4 3 
6 7 5 9 2 1 4 3 8 
4 3 2 5 7 8 9 1 6 
8 9 1 3 6 4 2 5 7 
9 8 3 1 4 5 6 7 2 
2 5 6 7 3 9 1 8 4 
7 1 4 2 8 6 3 9 5 
Finished Trial #17
Time: 0.104678 s
Nodes expanded: 37212
5 4 8 6 1 3 7 2 9 
3 2 9 4 5 7 8 6 1 
1 6 7 8 9 2 5 4 3 
6 7 5 9 2 1 4 3 8 
4 3 2 5 7 8 9 1 6 
8 9 1 3 6 4 2 5 7 
9 8 3 1 4 5 6 7 2 
2 5 6 7 3 9 1 8 4 
7 1 4 2 8 6 3 9 5 
Finished Trial #18
Time: 0.617409 s
Nodes expanded: 217974
5 4 8 6 1 3 7 2 9 
3 2 9 4 5 7 8 6 1 
1 6 7 8 9 2 5 4 3 
6 7 5 9 2 1 4 3 8 
4 3 2 5 7 8 9 1 6 
8 9 1 3 6 4 2 5 7 
9 8 3 1 4 5 6 7 2 
2 5 6 7 3 9 1 8 4 
7 1 4 2 8 6 3 9 5 
Finished Trial #19
Time: 0.039821 s
Nodes expanded: 13675
5 4 8 6 1 3 7 2 9 
3 2 9 4 5 7 8 6 1 
1 6 7 8 9 2 5 4 3 
6 7 5 9 2 1 4 3 8 
4 3 2 5 7 8 9 1 6 
8 9 1 3 6 4 2 5 7 
9 8 3 1 4 5 6 7 2 
2 5 6 7 3 9 1 8 4 
7 1 4 2 8 6 3 9 5 
Finished Trial #20
Time: 6.82107 s
Nodes expanded: 2478495
5 4 8 6 1 3 7 2 9 
3 2 9 4 5 7 8 6 1 
1 6 7 8 9 2 5 4 3 
6 7 5 9 2 1 4 3 8 
4 3 2 5 7 8 9 1 6 
8 9 1 3 6 4 2 5 7 
9 8 3 1 4 5 6 7 2 
2 5 6 7 3 9 1 8 4 
7 1 4 2 8 6 3 9 5 
Finished Trial #21
Time: 0.0115 s
Nodes expanded: 4128
5 4 8 6 1 3 7 2 9 
3 2 9 4 5 7 8 6 1 
1 6 7 8 9 2 5 4 3 
6 7 5 9 2 1 4 3 8 
4 3 2 5 7 8 9 1 6 
8 9 1 3 6 4 2 5 7 
9 8 3 1 4 5 6 7 2 
2 5 6 7 3 9 1 8 4 
7 1 4 2 8 6 3 9 5 
Finished Trial #22
Time: 0.060652 s
Nodes expanded: 21094
5 4 8 6 1 3 7 2 9 
3 2 9 4 5 7 8 6 1 
1 6 7 8 9 2 5 4 3 
6 7 5 9 2 1 4 3 8 
4 3 2 5 7 8 9 1 6 
8 9 1 3 6 4 2 5 7 
9 8 3 1 4 5 6 7 2 
2 5 6 7 3 9 1 8 4 
7 1 4 2 8 6 3 9 5 
Finished Trial #23
Time: 0.019541 s
Nodes expanded: 7109
5 4 8 6 1 3 7 2 9 
3 2 9 4 5 7 8 6 1 
1 6 7 8 9 2 5 4 3 
6 7 5 9 2 1 4 3 8 
4 3 2 5 7 8 9 1 6 
8 9 1 3 6 4 2 5 7 
9 8 3 1 4 5 6 7 2 
2 5 6 7 3 9 1 8 4 
7 1 4 2 8 6 3 9 5 
Finished Trial #24
Time: 0.723033 s
Nodes expanded: 268402
5 4 8 6 1 3 7 2 9 
3 2 9 4 5 7 8 6 1 
1 6 7 8 9 2 5 4 3 
6 7 5 9 2 1 4 3 8 
4 3 2 5 7 8 9 1 6 
8 9 1 3 6 4 2 5 7 
9 8 3 1 4 5 6 7 2 
2 5 6 7 3 9 1 8 4 
7 1 4 2 8 6 3 9 5 
Finished Trial #25
Time: 0.034262 s
Nodes expanded: 12354
5 4 8 6 1 3 7 2 9 
3 2 9 4 5 7 8 6 1 
1 6 7 8 9 2 5 4 3 
6 7 5 9 2 1 4 3 8 
4 3 2 5 7 8 9 1 6 
8 9 1 3 6 4 2 5 7 
9 8 3 1 4 5 6 7 2 
2 5 6 7 3 9 1 8 4 
7 1 4 2 8 6 3 9 5 
Finished Trial #26
Time: 0.008371 s
Nodes expanded: 2966
5 4 8 6 1 3 7 2 9 
3 2 9 4 5 7 8 6 1 
1 6 7 8 9 2 5 4 3 
6 7 5 9 2 1 4 3 8 
4 3 2 5 7 8 9 1 6 
8 9 1 3 6 4 2 5 7 
9 8 3 1 4 5 6 7 2 
2 5 6 7 3 9 1 8 4 
7 1 4 2 8 6 3 9 5 
Finished Trial #27
Time: 0.460341 s
Nodes expanded: 165495
5 4 8 6 1 3 7 2 9 
3 2 9 4 5 7 8 6 1 
1 6 7 8 9 2 5 4 3 
6 7 5 9 2 1 4 3 8 
4 3 2 5 7 8 9 1 6 
8 9 1 3 6 4 2 5 7 
9 8 3 1 4 5 6 7 2 
2 5 6 7 3 9 1 8 4 
7 1 4 2 8 6 3 9 5 
Finished Trial #28
Time: 0.009538 s
Nodes expanded: 3338
5 4 8 6 1 3 7 2 9 
3 2 9 4 5 7 8 6 1 
1 6 7 8 9 2 5 4 3 
6 7 5 9 2 1 4 3 8 
4 3 2 5 7 8 9 1 6 
8 9 1 3 6 4 2 5 7 
9 8 3 1 4 5 6 7 2 
2 5 6 7 3 9 1 8 4 
7 1 4 2 8 6 3 9 5 
Finished Trial #29
Time: 0.956094 s
Nodes expanded: 329710
5 4 8 6 1 3 7 2 9 
3 2 9 4 5 7 8 6 1 
1 6 7 8 9 2 5 4 3 
6 7 5 9 2 1 4 3 8 
4 3 2 5 7 8 9 1 6 
8 9 1 3 6 4 2 5 7 
9 8 3 1 4 5 6 7 2 
2 5 6 7 3 9 1 8 4 
7 1 4 2 8 6 3 9 5 
Finished Trial #30
Time: 1.1252 s
Nodes expanded: 399080
5 4 8 6 1 3 7 2 9 
3 2 9 4 5 7 8 6 1 
1 6 7 8 9 2 5 4 3 
6 7 5 9 2 1 4 3 8 
4 3 2 5 7 8 9 1 6 
8 9 1 3 6 4 2 5 7 
9 8 3 1 4 5 6 7 2 
2 5 6 7 3 9 1 8 4 
7 1 4 2 8 6 3 9 5 
Finished Trial #31
Time: 0.118703 s
Nodes expanded: 43133
5 4 8 6 1 3 7 2 9 
3 2 9 4 5 7 8 6 1 
1 6 7 8 9 2 5 4 3 
6 7 5 9 2 1 4 3 8 
4 3 2 5 7 8 9 1 6 
8 9 1 3 6 4 2 5 7 
9 8 3 1 4 5 6 7 2 
2 5 6 7 3 9 1 8 4 
7 1 4 2 8 6 3 9 5 
Finished Trial #32
Time: 0.373589 s
Nodes expanded: 132328
5 4 8 6 1 3 7 2 9 
3 2 9 4 5 7 8 6 1 
1 6 7 8 9 2 5 4 3 
6 7 5 9 2 1 4 3 8 
4 3 2 5 7 8 9 1 6 
8 9 1 3 6 4 2 5 7 
9 8 3 1 4 5 6 7 2 
2 5 6 7 3 9 1 8 4 
7 1 4 2 8 6 3 9 5 
Finished Trial #33
Time: 0.087338 s
Nodes expanded: 30867
5 4 8 6 1 3 7 2 9 
3 2 9 4 5 7 8 6 1 
1 6 7 8 9 2 5 4 3 
6 7 5 9 2 1 4 3 8 
4 3 2 5 7 8 9 1 6 
8 9 1 3 6 4 2 5 7 
9 8 3 1 4 5 6 7 2 
2 5 6 7 3 9 1 8 4 
7 1 4 2 8 6 3 9 5 
Finished Trial #34
Time: 0.034187 s
Nodes expanded: 12308
5 4 8 6 1 3 7 2 9 
3 2 9 4 5 7 8 6 1 
1 6 7 8 9 2 5 4 3 
6 7 5 9 2 1 4 3 8 
4 3 2 5 7 8 9 1 6 
8 9 1 3 6 4 2 5 7 
9 8 3 1 4 5 6 7 2 
2 5 6 7 3 9 1 8 4 
7 1 4 2 8 6 3 9 5 
Finished Trial #35
Time: 0.007672 s
Nodes expanded: 2640
5 4 8 6 1 3 7 2 9 
3 2 9 4 5 7 8 6 1 
1 6 7 8 9 2 5 4 3 
6 7 5 9 2 1 4 3 8 
4 3 2 5 7 8 9 1 6 
8 9 1 3 6 4 2 5 7 
9 8 3 1 4 5 6 7 2 
2 5 6 7 3 9 1 8 4 
7 1 4 2 8 6 3 9 5 
Finished Trial #36
Time: 0.076485 s
Nodes expanded: 27007
5 4 8 6 1 3 7 2 9 
3 2 9 4 5 7 8 6 1 
1 6 7 8 9 2 5 4 3 
6 7 5 9 2 1 4 3 8 
4 3 2 5 7 8 9 1 6 
8 9 1 3 6 4 2 5 7 
9 8 3 1 4 5 6 7 2 
2 5 6 7 3 9 1 8 4 
7 1 4 2 8 6 3 9 5 
Finished Trial #37
Time: 0.100979 s
Nodes expanded: 36045
5 4 8 6 1 3 7 2 9 
3 2 9 4 5 7 8 6 1 
1 6 7 8 9 2 5 4 3 
6 7 5 9 2 1 4 3 8 
4 3 2 5 7 8 9 1 6 
8 9 1 3 6 4 2 5 7 
9 8 3 1 4 5 6 7 2 
2 5 6 7 3 9 1 8 4 
7 1 4 2 8 6 3 9 5 
Finished Trial #38
Time: 0.077664 s
Nodes expanded: 27742
5 4 8 6 1 3 7 2 9 
3 2 9 4 5 7 8 6 1 
1 6 7 8 9 2 5 4 3 
6 7 5 9 2 1 4 3 8 
4 3 2 5 7 8 9 1 6 
8 9 1 3 6 4 2 5 7 
9 8 3 1 4 5 6 7 2 
2 5 6 7 3 9 1 8 4 
7 1 4 2 8 6 3 9 5 
Finished Trial #39
Time: 0.140186 s
Nodes expanded: 46686
5 4 8 6 1 3 7 2 9 
3 2 9 4 5 7 8 6 1 
1 6 7 8 9 2 5 4 3 
6 7 5 9 2 1 4 3 8 
4 3 2 5 7 8 9 1 6 
8 9 1 3 6 4 2 5 7 
9 8 3 1 4 5 6 7 2 
2 5 6 7 3 9 1 8 4 
7 1 4 2 8 6 3 9 5 
Finished Trial #40
Time: 1.69508 s
Nodes expanded: 582193
5 4 8 6 1 3 7 2 9 
3 2 9 4 5 7 8 6 1 
1 6 7 8 9 2 5 4 3 
6 7 5 9 2 1 4 3 8 
4 3 2 5 7 8 9 1 6 
8 9 1 3 6 4 2 5 7 
9 8 3 1 4 5 6 7 2 
2 5 6 7 3 9 1 8 4 
7 1 4 2 8 6 3 9 5 
Finished Trial #41
Time: 0.497165 s
Nodes expanded: 170744
5 4 8 6 1 3 7 2 9 
3 2 9 4 5 7 8 6 1 
1 6 7 8 9 2 5 4 3 
6 7 5 9 2 1 4 3 8 
4 3 2 5 7 8 9 1 6 
8 9 1 3 6 4 2 5 7 
9 8 3 1 4 5 6 7 2 
2 5 6 7 3 9 1 8 4 
7 1 4 2 8 6 3 9 5 
Finished Trial #42
Time: 3.81973 s
Nodes expanded: 1313666
5 4 8 6 1 3 7 2 9 
3 2 9 4 5 7 8 6 1 
1 6 7 8 9 2 5 4 3 
6 7 5 9 2 1 4 3 8 
4 3 2 5 7 8 9 1 6 
8 9 1 3 6 4 2 5 7 
9 8 3 1 4 5 6 7 2 
2 5 6 7 3 9 1 8 4 
7 1 4 2 8 6 3 9 5 
Finished Trial #43
Time: 0.095897 s
Nodes expanded: 33245
5 4 8 6 1 3 7 2 9 
3 2 9 4 5 7 8 6 1 
1 6 7 8 9 2 5 4 3 
6 7 5 9 2 1 4 3 8 
4 3 2 5 7 8 9 1 6 
8 9 1 3 6 4 2 5 7 
9 8 3 1 4 5 6 7 2 
2 5 6 7 3 9 1 8 4 
7 1 4 2 8 6 3 9 5 
Finished Trial #44
Time: 0.213695 s
Nodes expanded: 76072
5 4 8 6 1 3 7 2 9 
3 2 9 4 5 7 8 6 1 
1 6 7 8 9 2 5 4 3 
6 7 5 9 2 1 4 3 8 
4 3 2 5 7 8 9 1 6 
8 9 1 3 6 4 2 5 7 
9 8 3 1 4 5 6 7 2 
2 5 6 7 3 9 1 8 4 
7 1 4 2 8 6 3 9 5 
Finished Trial #45
Time: 0.559461 s
Nodes expanded: 196666
5 4 8 6 1 3 7 2 9 
3 2 9 4 5 7 8 6 1 
1 6 7 8 9 2 5 4 3 
6 7 5 9 2 1 4 3 8 
4 3 2 5 7 8 9 1 6 
8 9 1 3 6 4 2 5 7 
9 8 3 1 4 5 6 7 2 
2 5 6 7 3 9 1 8 4 
7 1 4 2 8 6 3 9 5 
Finished Trial #46
Time: 0.009124 s
Nodes expanded: 3083
5 4 8 6 1 3 7 2 9 
3 2 9 4 5 7 8 6 1 
1 6 7 8 9 2 5 4 3 
6 7 5 9 2 1 4 3 8 
4 3 2 5 7 8 9 1 6 
8 9 1 3 6 4 2 5 7 
9 8 3 1 4 5 6 7 2 
2 5 6 7 3 9 1 8 4 
7 1 4 2 8 6 3 9 5 
Finished Trial #47
Time: 0.023268 s
Nodes expanded: 8162
5 4 8 6 1 3 7 2 9 
3 2 9 4 5 7 8 6 1 
1 6 7 8 9 2 5 4 3 
6 7 5 9 2 1 4 3 8 
4 3 2 5 7 8 9 1 6 
8 9 1 3 6 4 2 5 7 
9 8 3 1 4 5 6 7 2 
2 5 6 7 3 9 1 8 4 
7 1 4 2 8 6 3 9 5 
Finished Trial #48
Time: 1.50409 s
Nodes expanded: 550160
5 4 8 6 1 3 7 2 9 
3 2 9 4 5 7 8 6 1 
1 6 7 8 9 2 5 4 3 
6 7 5 9 2 1 4 3 8 
4 3 2 5 7 8 9 1 6 
8 9 1 3 6 4 2 5 7 
9 8 3 1 4 5 6 7 2 
2 5 6 7 3 9 1 8 4 
7 1 4 2 8 6 3 9 5 
Finished Trial #49
Time: 8.37285 s
Nodes expanded: 2914210
********************************************
Finished! Average runtime 0.847194 s Std Dev: 1.66042
Average Nodes Expanded 297651 Std Dev: 584246
